0
1
2
3
4
5
6
7
8
9
10
11
12
13
3826
15
16
17
18
19
20
21
8261
23
5033
25
26
27
28
29
30
31
2529
1667
34
35
36
37
38
39
40
41
42
2043
44
45
46
47
48
49
50
717
2150
53
54
55
56
57
58
59
60
61
62
9755
8451
65
66
67
68
69
70
71
72
73
74
75
76
77
78
79
80
81
82
83
84
85
6234
87
88
89
90
91
650
93
94
95
4117
97
98
99
100
101
102
103
104
105
946
107
108
109
110
111
112
113
114
115
3019
117
118
119
120
121
122
7957
124
125
126
127
128
129
2300
131
6237
133
134
135
136
137
138
139
140
141
142
143
144
145
146
147
148
149
150
151
152
153
154
6982
156
157
158
3616
160
161
162
163
4364
165
166
167
168
7754
170
171
172
173
4670
175
176
1677
178
179
180
181
182
183
184
185
186
187
1355
189
190
191
192
193
7339
7388
196
197
198
199
200
8141
202
203
1817
205
206
207
208
209
210
807
212
213
214
215
216
217
218
219
220
4372
222
223
224
225
226
4425
228
7704
230
231
4530
233
234
3587
236
237
238
239
240
241
242
243
244
7369
246
247
248
249
250
251
252
253
254
255
256
7393
258
259
260
261
262
263
884
265
266
5141
268
269
270
271
272
273
274
275
276
277
278
8300
280
281
282
283
284
285
286
287
288
289
290
291
292
293
294
6291
296
297
298
299
300
301
8873
303
1430
305
306
307
308
309
310
311
312
313
314
7541
316
2914
342
319
1575
321
322
323
1318
325
326
7705
328
329
5390
8938
332
333
334
335
336
337
338
339
340
341
318
343
344
345
346
347
348
349
350
351
1521
4748
354
355
356
357
358
359
360
361
362
363
2154
365
366
367
368
369
6027
371
372
373
548
375
376
377
378
379
3167
381
382
383
384
385
386
387
388
389
390
391
392
393
394
395
2325
397
398
399
400
401
402
403
404
405
406
407
630
409
410
411
412
413
414
415
416
417
418
419
420
1931
422
1379
424
425
426
427
428
429
430
431
432
433
434
435
436
437
438
439
440
9177
5823
5616
444
445
446
447
448
449
6973
6503
452
453
454
455
1161
457
458
4195
460
461
462
463
464
465
1649
467
468
469
470
5485
472
473
474
475
5631
477
478
479
480
3577
482
483
484
485
486
487
488
4758
490
491
9651
493
494
495
496
497
498
7104
1746
501
502
503
504
505
506
507
2239
509
510
511
512
513
514
515
516
517
518
519
520
521
522
523
524
525
526
527
528
529
530
531
532
533
534
535
536
3478
538
1064
540
541
542
543
544
545
1306
547
924
549
550
551
552
553
8726
555
4561
1776
558
559
560
561
562
3278
8240
565
566
567
568
569
570
571
572
573
574
4015
576
7739
578
579
580
581
582
583
584
2392
586
587
588
589
590
591
592
593
594
595
596
597
598
599
600
601
602
603
604
605
606
7285
608
609
610
3759
7778
613
614
615
616
617
3452
619
620
621
622
623
624
625
626
3342
628
8813
408
631
632
633
634
635
636
637
638
639
640
641
642
2431
644
645
646
647
648
649
92
651
652
653
9006
655
656
1737
658
659
660
661
662
663
664
8364
666
667
668
669
670
671
672
673
674
675
676
677
678
679
680
681
682
683
684
685
686
687
688
689
690
691
692
6831
694
695
696
697
698
699
6967
701
702
703
704
705
706
707
708
709
710
6820
712
713
714
715
716
51
718
719
720
721
722
723
724
725
9948
727
728
7474
9750
731
732
3304
734
735
2817
737
4454
739
740
741
742
743
744
745
8072
747
7371
749
750
751
752
753
754
755
756
757
758
759
760
761
762
763
764
4299
766
767
9427
769
770
771
8721
773
774
775
3382
777
778
7516
780
781
782
783
5902
785
4976
787
788
8038
790
791
792
793
794
1272
796
797
6081
799
800
2729
802
803
804
2656
806
211
808
809
810
811
812
813
814
815
816
817
8598
5821
9971
821
822
823
824
8014
826
827
828
6621
830
831
832
833
834
835
836
837
838
4396
1779
6975
842
843
844
845
846
847
848
849
850
851
852
853
854
855
856
857
858
859
9047
861
1199
863
1867
865
866
4985
868
869
6698
871
872
873
8956
875
876
877
6281
1678
880
5758
882
883
264
885
886
887
888
889
890
891
892
893
894
895
896
897
6826
899
6609
901
902
903
2748
905
906
907
908
909
910
911
912
913
914
915
3444
917
918
919
6511
921
922
923
374
1745
926
927
928
929
2335
931
932
933
934
935
936
937
938
939
940
941
942
643
944
945
106
947
948
949
950
951
952
953
954
2490
956
957
958
959
1180
2290
962
963
964
965
966
967
968
969
970
971
7527
973
974
975
976
7520
978
979
980
981
982
983
984
985
986
1607
988
989
990
3048
992
993
994
995
996
5815
998
999
1000
1001
1002
1003
7002
3349
6641
1007
1008
1009
1010
1011
421
1013
1014
1015
1016
1017
1018
1019
1020
1021
1578
1023
1024
1025
1026
1308
1028
1029
1030
1031
1032
1033
1034
1035
1036
1037
1038
1039
1040
1041
1606
3974
1044
1045
1046
1047
1048
1049
1050
1051
1052
1053
1054
1055
1056
6909
1058
1059
1060
1061
1062
1063
539
1065
1066
3045
1068
1069
1070
1071
1072
1073
1074
1075
1076
8419
1078
1079
1080
1081
1082
1083
1084
1085
9254
1087
693
9981
1090
1091
1092
1093
1094
1095
1096
1097
1098
1099
1100
2426
1102
1103
1104
1105
1106
1827
1108
1109
1110
1111
1112
1113
5992
1115
1116
1117
6124
1119
1120
1121
1122
1123
1124
1125
1126
1127
1128
1129
1130
1131
1132
1133
1134
1135
1136
1137
3885
1139
9850
1141
1142
1143
1144
1145
1146
2884
1148
1149
1150
1151
1152
1153
1154
1155
1156
1157
1158
1159
1160
456
1162
1163
1164
1165
1166
1167
1168
1169
1170
1171
1172
1173
1174
1175
1176
1177
1178
1179
960
1181
5488
1183
1184
5774
1186
1187
1188
1189
4594
1191
1192
1193
1194
1195
1196
1197
9847
862
1200
1201
1202
7312
1204
1205
1206
1207
1208
1209
1210
1211
1212
1213
1214
7058
2032
8523
7493
1219
3573
1221
798
1223
1224
5383
1226
1227
1228
3947
1230
4350
1232
1233
1234
1235
1236
1237
1238
1239
4945
1241
1242
7787
1244
8710
1246
1247
1248
1249
1250
5918
1252
1253
1254
1255
1256
1257
1258
8220
7504
1261
1262
1263
1264
1265
1266
1267
1268
1269
1270
1271
795
1273
1274
7335
1276
1277
1278
1279
1280
1281
1282
1283
1284
3949
3186
1287
1288
1289
1290
6402
1292
1293
1294
1295
1296
1297
1298
2929
9406
1301
1302
1303
1304
1305
546
1307
8163
1309
1310
1311
1312
1313
1314
1315
2361
1317
324
1319
8206
1321
1322
1323
9638
1325
1326
4366
3092
1329
1330
7389
1332
1333
9931
1335
1336
1337
1338
1339
1340
1341
1342
1343
1344
1345
1346
1347
5333
1349
1350
1351
1352
4638
1354
188
1356
1357
1358
1359
6585
1361
1362
1363
1364
1365
1366
1367
1368
1369
1370
1371
1372
1373
8699
1375
1376
1377
1397
423
1380
1381
1382
1383
1384
4123
1386
1387
1388
1389
1390
1391
1392
9079
4676
1395
7131
1378
1398
6815
1400
1401
1402
1403
1404
1405
1406
1407
1408
9027
6377
8867
4262
7300
1414
1415
2658
1417
1418
1419
1420
1421
1422
1423
1424
3831
1426
1427
1428
1429
304
1431
1432
1433
1434
6838
6304
1437
1438
1439
1440
1441
1442
6659
1444
1445
9910
1447
1448
6280
1450
4682
1452
1453
1454
1455
1456
1457
1458
1459
1460
8138
1462
1463
1464
1465
1466
1467
1468
1469
1470
1471
1472
1473
1474
9958
1476
1477
1478
1479
1480
8701
8126
1483
1484
8921
1486
1487
1488
1489
1490
1491
1492
1493
1494
1495
1496
1497
4579
1499
1500
6031
1502
1503
1504
1505
1506
1507
1508
1509
8614
1511
1512
1513
1514
1515
1516
1517
1518
1519
1520
352
1522
1523
466
1525
1526
5719
5747
1529
1530
1531
6260
1533
1534
1535
1536
1537
1538
1539
1540
1541
1542
1543
7206
8711
1546
1547
1548
1549
1550
1551
1552
1553
1554
1555
9300
1557
8167
1559
1560
6370
6735
1563
1564
1565
1731
1567
1568
1569
1570
1571
3732
1573
1574
320
1576
1577
1022
1579
1580
1581
3437
1583
1584
1585
1586
1587
1588
1589
1590
1591
7602
1593
1594
1595
1596
1597
1598
1599
1600
1601
3645
1603
1604
9980
1042
987
1608
1609
1610
1611
1612
1613
1614
9377
1616
1617
3049
1619
6424
1621
1622
1623
6719
1625
1626
1627
1628
1629
1630
1631
6732
9924
1634
1635
1636
1637
1638
6691
1640
1641
1642
8565
1644
1645
1646
1647
1648
1524
1650
1651
1652
1653
1654
5925
1656
1657
1658
4310
1660
1661
1662
1663
1664
7925
1666
33
1668
1669
1670
1671
1672
4762
1674
5175
1676
177
879
1679
1680
1681
1682
1683
4626
1685
1686
1687
1688
1689
9589
1691
1692
1693
1694
1695
64
1697
1698
1699
1700
1701
5282
1703
1704
1705
1706
1707
1708
1709
5053
1711
1712
1713
1714
1715
1716
3886
1718
2855
2052
6085
1722
1723
1724
1725
1726
1727
1728
1729
1730
1566
1732
1733
1734
1735
1736
657
1738
1739
1740
1741
1742
500
1744
3163
1743
1747
1748
1749
1750
1950
1752
1753
1754
1755
1756
1757
1758
1759
1760
1761
1762
1763
1764
1813
1766
1767
1768
1769
1770
1771
1772
1773
1774
1775
557
1777
1778
840
4264
1781
5101
1783
1784
1785
1786
1787
1788
1789
1790
1791
1792
1793
1794
1795
1796
1797
1798
4133
5208
8804
1802
1803
1804
1805
1806
1807
1808
1809
3756
1811
1812
1765
1814
1815
1816
204
1818
1819
1820
1821
1822
1823
1824
1825
1826
1107
2384
1829
1830
1831
1832
1833
1834
1835
4106
1837
2428
1839
1840
1841
4623
1843
1844
1845
1846
1847
1848
1849
1850
1851
5515
1853
1854
1855
1856
7521
1858
1859
1860
8001
1862
1863
3980
1865
1866
864
1868
1869
1870
2566
1872
1873
1874
1875
1876
1877
1878
1879
1880
1881
1882
1883
1884
1885
7945
1887
6267
1889
1890
3937
1892
1893
1894
1895
1896
1897
1898
1899
1900
1901
3150
1903
1904
1905
1906
1907
1908
1909
1910
1911
1912
1913
1914
1915
1916
1917
1918
1919
1920
1921
1922
1923
1924
1925
7442
1927
9823
1929
1930
4095
1932
1933
1934
1935
3728
1937
1938
1939
1940
3500
4455
2692
9761
1945
1946
1947
1948
1949
1751
1951
1952
2918
1954
6452
1956
1957
1958
1959
1960
1961
1962
1963
1964
1965
7788
1967
1968
1969
1970
1971
1972
1973
1974
63
4459
1977
1978
1979
1980
1981
1982
1983
9344
1985
1986
1987
1988
1989
1990
1991
1992
1993
1994
1995
1996
1997
1998
1999
2000
8968
2002
2003
2004
2005
2006
2007
2008
2009
2010
4628
2012
2013
2014
2015
2016
4765
2018
2019
2020
2021
2022
2023
2024
2025
9040
2027
2028
5294
2030
2031
1216
2033
2034
2035
2036
2037
2038
2039
2040
2041
2042
43
2044
2045
2046
2047
2048
2049
2050
2051
3709
2053
2054
3023
2056
2057
2058
2059
2060
2061
2062
2063
2064
2065
2066
8086
2068
2069
867
2071
3196
2784
2074
3300
2076
2077
2078
2079
2080
2081
2082
2083
9605
2085
2854
2087
2088
2089
2090
2091
2092
2093
2094
2095
2096
2097
2098
2099
2100
2101
2102
2103
2104
2105
3883
2107
2108
2109
2110
2111
2112
2113
2114
2115
2116
2117
2118
2119
2120
2121
2122
2123
2124
2125
2126
2127
2128
2129
2130
2131
2132
2133
2134
2135
5253
2137
2138
2139
2140
2141
6214
5913
2144
2145
2146
2147
2148
2149
4457
2151
2152
2153
364
3943
2156
2157
2158
2159
2160
2161
2162
2163
2164
2165
2166
2167
2168
2169
2170
2171
2172
2173
2174
9352
8246
2177
2178
2179
2180
3016
2182
2183
2184
2185
2186
2187
2188
2189
2190
2191
2192
2193
2194
2195
2196
2197
2198
2199
2200
2201
3364
2203
2204
2205
2206
2207
2208
2209
2210
7591
2212
2213
9516
2215
2216
2217
2218
2219
2220
2221
2222
2223
2224
2225
2226
2227
2228
2229
2230
2231
2232
2233
2234
2235
2236
2237
2238
7686
2240
2241
2242
2243
2244
2245
2246
2247
2248
2249
2250
6618
2252
2253
9029
8769
2256
2257
2987
2259
2260
2261
2262
2263
2264
2265
2266
2267
4867
2269
2270
2271
2272
2273
2274
2275
2276
2277
2278
2279
2280
2281
3216
2283
2284
2285
2286
2287
2288
2289
2661
2291
2292
2293
2294
2295
7487
8632
2298
2299
130
2301
2302
2303
2304
2305
2306
2307
2308
2309
2310
2311
2312
6058
2314
2315
2316
2317
2318
2319
2320
2321
2322
2323
2324
396
2326
2327
2328
2329
2330
8304
2332
2333
2334
930
4513
2337
2338
9491
2340
2341
2342
2343
2344
2345
2346
5937
2348
6165
2350
2351
2352
2353
9082
2355
7446
2357
2358
2359
9239
1316
2362
2363
2364
2365
2366
2367
2368
2369
2370
2371
2372
6965
2374
2375
9169
2377
2378
2379
9918
2381
2382
2383
1828
8021
2386
2387
2388
2389
2390
2391
585
2393
2394
2395
2396
2397
2398
5447
2400
2401
2402
2403
2404
2405
2406
2407
2408
2409
2410
2411
2412
2413
2414
2415
2416
2417
5114
2419
9160
2421
2422
2423
4168
9837
1101
2427
1838
8684
2430
6947
2432
2433
2434
1251
2436
2437
2438
2733
2440
2441
2442
2443
2444
2445
2446
2447
3543
2449
2450
2451
2452
2453
2454
2455
5939
2457
2458
2459
2460
2461
2462
2463
2464
2465
2466
2467
2468
2469
2470
2471
7280
2473
2474
2475
2476
2477
2478
2479
2480
3998
2482
2483
2484
2485
2486
2487
6169
2489
955
2491
2492
2493
4389
2495
7438
2497
2498
2499
5561
2501
7270
5560
2504
2505
2506
2507
2508
7495
2510
7932
1620
9179
9701
3102
2516
2517
2518
2519
2520
2521
2522
2523
2524
2525
2526
2527
2528
32
2530
2531
8280
2533
2534
2535
2536
2537
2538
2539
2540
2541
2542
2543
2544
2545
2546
2547
5806
2549
2550
7998
8391
2553
2554
2555
2556
2557
2558
2559
2560
2561
2562
9087
2564
2565
1871
2567
7762
2569
2570
2571
2572
2573
2574
2575
2576
2577
2578
2579
2580
2581
6728
4636
2584
2585
2586
2587
2588
2589
2590
2591
2592
2593
2594
2595
2596
2597
2598
2599
2600
2601
2602
3329
2604
2605
2606
2607
2608
2609
1327
2611
2612
2613
2614
2615
2616
2617
5060
2619
4401
2621
2622
2623
2624
2625
2626
2627
2628
2629
2630
2631
2632
2633
2634
2635
2636
2637
2638
2639
2640
6411
2642
2643
2644
2645
2646
2647
2648
2649
2650
8266
2652
2653
2654
2655
805
4924
1416
2659
2660
961
2662
3044
2664
2665
2666
2667
2668
2669
8837
2671
2672
2673
2674
2675
2676
2677
3132
2679
2680
2681
2682
2683
2684
2685
2686
2687
2688
2689
2690
2691
1943
2693
2694
2695
2696
2697
9438
2699
2700
2701
2702
8480
2704
2705
2706
8029
2708
2709
2710
2711
8919
2713
2714
4381
2716
2717
2718
4535
3874
2808
2722
4181
6429
2725
2726
2727
4826
801
2730
5451
4013
2439
2734
2735
9671
2737
5994
2739
2740
2741
2742
2743
2744
2745
2746
6929
904
2749
2750
3950
2752
2753
2754
2755
2756
2757
2758
2759
2760
2761
2762
2763
2764
2765
2766
4359
2768
2769
2770
2771
2772
9827
2774
9441
2776
2777
2778
2779
2780
2781
2782
7679
2073
2785
2786
2787
2788
2789
2790
2791
2792
2793
2794
2795
2796
2797
2798
2799
2800
2801
2802
2803
2804
2805
2806
2807
2721
2809
2810
2811
2812
2813
2814
2815
2816
9326
8563
2819
2820
2885
2822
2823
2824
2825
2826
2827
2828
8135
2830
2831
7845
2833
4445
2835
2836
2837
2838
2839
2840
2841
2842
2843
2844
2845
2846
7817
2848
2849
2850
2851
2852
2853
5662
7247
2856
2857
2858
2859
2860
2861
2862
2863
2864
2865
2866
2867
7573
2869
9590
2871
2872
2873
2874
8371
2876
8680
2878
2879
2880
9195
2882
2883
1147
5454
2886
7329
2888
2889
2890
4194
2892
2893
2943
2895
2896
2897
2898
2899
2900
3130
2902
8661
2904
2905
5860
2907
2908
2909
2910
2911
2912
7428
317
2915
2916
2917
4230
2919
3915
2921
2922
2923
2924
5748
8316
2927
2928
1299
3195
2931
2932
2933
2934
2935
2936
2937
2938
2939
2940
2941
2942
3086
9457
2945
2946
4689
2948
8437
2950
3046
9738
2953
2954
2955
2956
2957
2958
2959
2960
2961
2962
2963
2964
2965
8017
2967
2968
2969
2970
2971
2972
4783
2974
9526
2976
2977
2978
2979
2980
2981
2982
2983
2984
2985
2986
2258
2988
2989
2990
2991
2992
2993
2994
2995
2996
4077
2998
1482
3000
3001
3002
3003
3004
3005
4138
3007
8589
3009
3010
3011
3012
3013
3014
3015
2181
4678
3018
116
3020
3021
9321
2055
3024
3025
3026
3027
3028
5073
3030
3031
3032
3033
3034
6369
3036
3037
3038
3039
7164
3041
3042
3043
2663
1067
3103
3047
7082
1618
3050
3051
3052
3053
3054
3055
5402
3057
2254
3059
3060
3061
3062
3063
7217
3065
3066
3067
3068
3069
3070
3071
3072
3073
3074
3075
3076
3077
3078
3079
3080
3081
3082
3083
3084
9739
5407
3087
3088
3089
3090
3091
1328
3093
3094
3095
3096
3097
3933
3510
3100
3101
2515
5311
3104
3105
3106
3107
3108
3109
3110
3111
3112
3113
3114
3115
3116
9293
3118
3119
3120
3121
3122
3123
3124
3125
3126
1659
3128
3129
7975
8140
2678
3133
3134
3135
3136
3137
4143
3139
3140
8707
3142
3143
9630
3145
3146
3147
3148
3149
8268
3151
3152
3153
3154
3155
3156
3157
3158
3159
3160
3161
3162
1443
3164
3165
3166
380
7265
3169
3170
3171
3172
3173
4713
3175
3176
3177
3178
3179
3180
3181
3182
3183
4795
3185
1286
5653
3188
3189
3190
3191
3192
6195
3194
2930
2072
3197
3198
3199
3200
3201
3202
3203
3204
3205
3206
3207
6872
4553
3210
3211
3212
3213
7779
3215
2282
3217
3218
3219
3220
4877
3222
4289
3224
3225
3226
3227
3228
3229
3230
3231
3232
3233
4501
3235
3236
3237
3238
3239
3240
3241
3242
3243
3244
3245
3246
3247
3248
3249
3250
3251
3252
3253
3254
3255
3256
2500
3258
3259
3260
3261
3262
3263
3264
3265
6142
3267
3723
3269
3270
3271
9634
3273
3274
3275
3276
3277
563
3279
3280
6188
3282
3283
3284
3285
3286
3287
3288
3289
3290
3291
3292
3293
3294
3295
3296
3297
3298
7232
2075
3301
3302
3303
733
3305
3306
3307
6596
3309
3310
3311
3312
3313
8543
3315
3316
3317
7128
3319
3320
3321
3322
3323
3324
3325
3326
3327
3328
4716
3330
3331
3332
3333
3334
3335
3336
3337
3338
7307
3340
3341
627
3343
3344
3345
3346
3347
3348
1005
3350
6283
3352
3353
3354
3355
3356
3357
3358
3359
3360
5409
3362
3363
2202
3365
3366
3367
3368
3369
3370
3371
3372
3373
8630
3375
3376
3377
3378
7607
3380
3381
9127
8761
3384
9471
3386
1140
3388
3389
3390
3391
3392
5250
3394
3395
3396
3397
3398
3399
3400
3401
3402
3403
3404
3405
3406
3407
3408
3409
3410
3411
3412
3413
3448
3415
3416
3417
3418
3419
3420
3421
3422
3423
9835
3425
3426
3427
6061
3168
3430
3431
3432
3433
3434
3435
3436
1582
3438
3439
3440
3441
3442
3443
916
3445
3446
3447
3414
3449
3450
3451
618
3453
3454
3455
3456
3457
3458
3459
3460
3461
3486
3463
3464
3465
3466
3467
3468
4646
3470
3471
3472
3473
3474
9953
9138
3477
537
3479
3480
3481
3482
4413
3484
3485
3462
3487
8301
3489
3490
3491
3492
3493
1485
8333
3496
3497
3498
5329
1941
3501
4087
3503
3504
4757
3506
3507
3508
3509
3099
3511
3512
3513
3514
5345
3516
3517
3518
3519
3520
3521
3522
3523
3524
3525
3526
3527
3528
3529
3530
3531
3532
3533
3534
3535
3536
3537
3538
3539
3540
3541
3542
2448
5816
3545
3546
3547
3548
3549
3550
3551
5843
3553
3554
3555
3556
3557
3558
3559
6763
8351
3562
3563
3564
3565
3566
3567
3568
3569
3570
3571
3572
1220
3574
3575
3576
481
8550
3579
3580
3643
3582
9184
3584
3585
3586
235
8763
3589
7491
3591
3592
3593
3594
2870
3596
3597
4187
3599
6797
3601
3602
3603
1936
3605
3606
3607
3608
3609
3610
3611
3612
3613
3614
5489
159
3617
3618
3619
3620
3621
3622
3623
3624
3625
3626
3627
3628
3629
3630
3631
3632
3633
3634
3635
3636
3637
3638
3639
3640
3641
3642
3581
3644
1602
4291
3647
3552
3649
3650
3651
3652
3653
6196
3655
3656
3657
6074
8640
3660
3661
3662
3663
3664
3665
3666
3667
3668
3669
3670
8945
4398
7327
3674
3675
3676
3677
3678
4250
5952
3681
3682
3683
3684
3685
3990
3687
3688
3689
3690
3691
3692
3693
3694
3695
3696
3697
3698
3699
3700
3701
4090
3703
3704
7382
3706
3707
5776
1720
9439
3711
4081
3713
9085
3494
3716
3717
5217
3812
3720
3721
3722
3268
3724
3725
3726
3727
3604
3729
3730
3731
1572
3733
3734
3735
3736
3737
3738
3739
3740
3741
3742
3743
3744
3745
3746
3747
3748
3749
3750
3751
3752
3753
3754
3755
1810
3757
3758
7195
3760
6017
3762
3763
3764
3765
3766
3767
3768
3769
3770
3771
3772
9086
4922
3775
3776
3777
3778
3779
3780
3781
3782
3783
3784
3785
3786
7258
2999
3789
3790
9628
3792
3793
3794
3795
3796
3797
3798
3799
3800
3801
3802
3803
3804
3805
3806
9343
3808
3809
3810
3811
3719
3813
3814
3815
3816
3817
3818
3819
3820
3821
3822
3823
3824
9895
14
3827
5143
3829
3830
1425
3832
3833
3834
3835
3836
3837
3838
3839
3840
3841
3842
3843
3844
3845
6415
3847
3848
3849
3850
3851
3852
3853
8939
3855
3856
3857
3858
9043
7012
4606
5043
3064
3864
3865
3866
7595
3868
3869
3870
3871
3872
3873
7267
3875
3876
5542
3878
3879
3880
3881
3882
2106
2481
1138
1717
3887
3888
7032
3890
3891
3892
3893
3894
3895
3896
3897
3502
3899
3900
3901
3902
3903
3904
3905
3906
492
4074
3909
3910
7021
4490
3913
9329
2920
3916
3917
3918
3919
3920
3921
3922
3923
3924
3925
3926
3927
3928
3929
3930
3931
3932
3098
3934
3935
3936
1891
3938
3939
3940
3941
3942
8812
3944
3945
3946
1229
3948
1285
2751
3951
3952
3953
3954
3955
3956
3957
3958
3959
3960
3961
3962
3963
3964
3965
3966
3967
3968
3969
3970
3971
3972
3973
1043
3975
3976
3977
3978
3979
1864
3981
3982
3983
3984
3985
3986
3987
3988
3989
3686
3991
3992
3993
3994
6656
3996
3997
3884
3999
4000
4001
4002
4003
4004
4005
4006
4007
4008
4009
4010
4011
4012
2732
4014
575
8933
4017
4018
4019
4020
4021
4577
4023
4024
4025
4026
4027
4028
4029
4030
4031
4032
4033
4034
4035
4036
4037
4038
4039
4040
4041
4042
4043
4044
8551
5906
4047
4048
4049
4050
4051
4052
4053
4054
4055
4056
4057
4058
4059
3131
4061
4062
4809
4064
4526
4066
4067
4068
4069
4070
4071
4072
4073
3908
4075
4076
2997
4078
4079
4080
3712
5284
4083
4084
4085
4086
3898
4088
4089
3702
4091
4092
9499
7900
1012
4096
4097
4098
4099
4100
4101
4102
4103
4104
4105
1836
4107
4108
4109
4110
4111
4112
4113
4114
4115
4116
96
5612
4119
4120
4121
4122
1385
4124
4125
4126
4127
4128
4129
4130
4131
4132
1799
4134
4135
4136
8442
3006
4139
4140
2620
4142
3138
4144
4145
4146
4147
4148
4149
4150
4151
4152
9203
4154
4155
4156
4157
4158
4159
4160
4161
4162
4163
4164
4165
4166
4167
2424
4169
4170
4171
4172
4173
4174
839
4176
4177
4178
4179
4180
7550
4904
4183
4184
4185
4186
3598
4188
4189
4190
7711
4192
4193
4952
459
4196
4197
4198
4199
4200
8916
4202
4203
4204
4205
8898
4207
4208
4209
4210
4211
4212
4213
4214
4215
4216
4217
4218
4219
4220
4221
4222
4223
4224
4225
4226
4227
4228
4229
1953
4231
4232
4233
4234
4235
4236
7174
4238
5562
6516
4241
4242
4243
9330
4245
4246
4247
4248
4249
6887
4251
4252
4253
4254
4255
5976
4257
5534
3221
4260
4261
5465
4263
1780
4265
4266
4512
4268
4269
4270
6228
4272
4273
9658
4275
5001
4277
4278
4279
4280
4281
4282
4283
5626
4285
4286
4287
4288
3223
4290
3646
4292
4293
4294
4295
4296
4830
4298
765
4300
4301
4302
4303
4304
4305
7985
8427
4308
4309
3127
4311
4312
4313
4314
7455
4316
4317
4318
4319
4320
4321
4322
4323
4324
4325
4326
4327
4328
4329
4330
4331
4332
4333
4334
4335
4336
4337
4338
4339
4340
4341
4342
4343
5296
4345
4346
4347
4348
4349
6463
4351
4352
4353
4354
4355
4356
4853
4358
2767
4360
4361
4362
4363
164
4365
5049
4367
5039
4369
4370
4371
6919
4373
4374
6339
4376
4377
4378
4379
4380
2715
4382
4383
4384
4385
4386
4387
4388
2494
4390
4391
4392
5820
4394
4395
4175
5973
3672
4399
4400
4141
4402
4495
4404
7306
4406
4407
4408
4409
4410
4411
4412
3483
5490
4415
4416
4417
4418
4419
4420
4421
4422
6863
4424
227
4426
4427
4428
4429
4430
4431
4432
9167
4434
4435
4436
4437
4438
4439
4440
4441
4442
4443
4444
2834
5219
4447
4448
4449
4450
4451
6699
4453
738
1942
4456
52
4458
1976
4460
4461
4462
4463
4464
4465
4466
4467
4468
4469
4470
4471
4472
4473
4474
4475
4476
4477
4478
4479
4480
4481
4482
4483
4484
9991
4486
4487
4488
4489
3912
4491
4492
4493
4494
4403
4496
4497
4498
4681
4500
3234
4502
7608
4504
4505
4506
4507
4508
4509
4510
4511
4267
2336
4514
4515
4516
4517
4518
4519
5427
4521
4522
4523
4524
4525
4065
4527
4528
4529
232
4531
4532
4533
8472
2719
4536
4537
4538
4539
4540
4541
9906
6591
4544
4545
4546
4547
4548
7132
4550
4551
4552
3209
4554
4555
4556
4557
4558
4627
4560
556
4562
4563
4564
4565
4566
4567
4568
4569
4570
4571
4572
4573
4574
8459
4576
4022
4578
1498
4580
4581
4582
4583
4584
4585
4586
4587
5086
4589
4590
4591
4592
7046
9916
4595
4596
4597
4598
4599
4600
4601
4602
4603
4604
4605
3861
4607
4608
4609
4610
4611
4612
4613
4614
4615
8922
4617
4618
4619
4620
5498
4622
1842
4624
4625
1684
4559
2011
4629
4630
4631
4632
4633
4634
4635
2583
4637
1353
4639
4640
4641
4642
4643
4644
4645
3469
4647
4648
4649
8513
4651
4652
4653
4654
6255
4656
4657
4658
4659
4660
4661
4662
4663
6300
4665
4666
4667
4668
4669
174
4671
4672
4673
4674
4675
1394
4677
3017
4679
4680
2155
1451
4683
4684
4685
4686
4687
4688
2947
3658
4691
4692
4693
4694
4695
4696
4697
4698
4699
4700
4701
4702
4703
4704
4705
4706
4707
4708
4709
4710
4711
6257
3174
4714
4715
2603
3184
4718
4719
4767
4721
4722
4723
4724
4725
4726
4727
4728
4729
4730
4731
5517
4733
4734
4735
4736
4737
4738
4739
4740
4741
4742
4743
4744
9530
4746
4747
353
4749
4750
4751
4752
4753
4754
4755
9495
3825
489
4759
4760
4761
1673
4763
4764
2017
4766
4720
4768
4769
4770
4771
4772
4773
4774
4775
4776
4777
4778
4779
4780
4781
4782
2973
4784
4785
4786
4787
4788
4789
4790
4791
4792
9504
9828
4717
4796
4797
4798
4799
9692
4801
4802
4803
4804
4805
4806
4807
4808
4063
4810
4811
4812
4813
4814
4815
4816
577
4818
4819
4820
4821
4822
4823
4824
4825
8603
4827
4828
4829
4297
4831
4832
4833
4834
4835
4836
4837
4838
8360
4840
9569
4842
7986
4844
4845
4846
4847
4848
4849
4850
4851
4852
4357
4854
4855
4856
4857
4858
4859
4860
4861
4862
4863
4864
4865
4866
2268
4868
4869
5232
4871
4872
4873
4874
4875
4876
4259
4878
4879
4880
4881
4882
4883
4884
4885
4886
4887
8625
4889
5095
4891
4892
4893
4894
7290
4896
4897
4898
4899
4900
4901
4902
4903
4621
4905
4906
4907
4908
4909
4910
4911
4912
4913
4914
4915
4916
4917
4918
4919
4920
6569
3774
4923
2657
4925
4926
4927
4928
4929
4930
4931
4932
4933
4934
4935
4936
4937
4938
4939
4940
4941
4942
4943
4944
8780
4946
4947
4948
4949
4950
4951
2891
4953
7872
4955
4956
4957
4958
4959
4960
4961
4962
4963
4964
4965
4966
4967
4968
4969
4970
7041
4972
4973
4974
4975
786
4977
4978
4979
4980
4981
4982
4983
4984
2070
4986
4987
4988
4989
4990
4991
4992
4993
4994
4995
4996
4997
4998
4999
9822
4276
5002
5003
5004
5005
5006
5007
5008
5009
5010
5011
5012
5013
5014
5015
5016
5017
5018
5019
5020
5021
5022
5023
5024
5025
5026
5027
5028
5029
5030
5031
5032
24
5034
5035
5036
5037
5038
4368
5040
5618
5075
3862
5044
5045
5046
5047
5048
2610
5050
5051
5052
1710
5054
5055
5056
5057
5058
5059
2618
5061
5062
5063
5064
8190
5066
5067
5068
5069
5070
5071
5072
3029
5074
5042
5076
5449
5078
5079
5080
5081
5082
5083
5084
5085
4588
5087
5088
5089
5090
5134
5092
5093
5613
4890
5096
5097
5098
5099
5100
6707
5102
5103
5104
5105
5106
5107
5108
5109
5110
5111
5112
5113
2418
5115
5116
5117
2429
5119
6093
5121
5122
5123
5124
6440
6450
7931
5128
5129
5130
5131
5132
5133
5091
5135
5136
5137
5138
9211
5140
267
5142
3828
5144
5145
5146
5147
5148
5149
5150
5151
5152
5153
5154
5155
5156
5157
5749
5159
5160
5161
5162
5163
5164
5165
5166
5167
5168
5169
5170
5771
5172
5173
5174
1675
5176
9155
5178
5179
5180
5181
5182
5183
5184
5185
5186
5187
5188
5189
5190
5191
5192
5193
5194
5195
3788
5197
5198
5199
5200
5201
5202
5203
5204
5205
5206
5207
7466
5209
5210
5211
5212
5213
5214
5215
5216
3718
5218
4446
5220
5221
5222
5223
5224
5225
5226
5227
5228
5229
5230
2373
4870
5233
5234
5235
5236
5237
5238
9927
5240
5241
5242
5243
5244
5245
7786
5247
5248
5249
3393
5251
5252
2136
5254
5255
5256
5257
5258
5259
5260
5261
5262
5263
5264
8664
5266
5267
5268
5269
5270
5271
5272
5273
5274
5275
5276
5277
5278
5279
6158
6329
1702
5283
4082
5285
5286
5287
5288
5289
5290
5291
9624
5293
7313
8285
5657
5297
5298
5299
5300
5301
5302
5303
5304
5305
7469
5307
5308
5309
9422
2951
5312
5313
6352
7594
5316
5317
5318
5319
5320
5321
5322
5323
5324
5325
5326
5327
5328
1218
2747
5331
5332
1348
5334
7883
5336
5337
5338
5339
5340
5341
5342
5343
5344
3515
5346
5347
5348
6724
5350
5351
5352
5353
5354
5355
5356
5357
5358
5359
5360
5361
5362
5363
5364
5365
5366
5367
5368
5369
5370
5371
5372
5373
5374
5375
5376
5377
5378
5379
5380
5381
5382
1225
5384
5385
6349
5387
5388
8653
330
5391
5392
5393
5394
8201
5396
499
5398
5399
9635
5401
3056
5403
5404
5405
5406
2894
5408
3361
6414
5411
5412
5413
5414
5415
5416
5417
5418
5419
5420
5421
5422
5423
5424
5425
5426
4520
5428
5429
5430
5431
8016
5433
5434
5435
5436
5437
5438
5439
5440
5441
5442
5443
5444
5445
5446
2399
5448
5077
5450
2731
5452
5453
2821
5455
5456
5457
5458
5459
7565
5461
5462
5463
5464
1412
5466
5467
5468
5469
5470
5471
5472
5473
5474
5475
5476
5477
5478
5479
5480
5481
5482
5483
5484
471
5486
5487
1182
3615
6381
5491
5492
5493
5494
5495
5496
5497
6636
5499
5500
5501
5502
5503
5504
3499
5506
4895
5508
5509
5510
5511
5512
5513
8426
1852
5516
4732
5518
5519
5520
5521
5522
5523
5524
5525
5526
5527
5528
5529
5530
5531
5532
8227
4258
5535
5536
5537
5538
5539
5540
5541
3877
5543
5544
5545
5546
5547
5548
5549
9979
5551
5552
5553
7823
5555
5556
5557
5558
5559
2503
3257
4239
5563
5564
5565
5566
5567
5568
5569
5570
5571
5572
5573
5574
5575
5576
5577
5578
5579
8487
2881
5582
5583
5584
5585
5586
5587
5588
5589
5590
5591
5592
5593
5594
5595
9173
5597
5598
5599
5600
5601
5602
5603
5604
5605
5606
5607
5608
5609
5610
5611
4118
5094
7835
7927
443
5617
6911
5619
5620
5621
5622
5623
5624
5625
4284
5627
5628
5629
5630
476
5632
5633
5634
5635
5636
5637
5638
5639
5640
5641
5642
5643
5644
9890
9440
5647
5648
5649
7255
5651
7406
3187
5654
5655
5656
4344
5658
5659
5660
6907
2086
5663
5664
8770
5666
5667
5668
5669
5670
5671
5672
5673
5674
5675
5676
5677
5678
5679
7107
5681
5682
5683
5684
6546
5686
5687
5688
5689
5690
9178
5692
5693
5694
5695
5696
5697
5698
5699
5700
6538
5702
5703
5704
5705
5706
5707
5708
5709
5710
5711
5712
5713
5714
5715
5716
5717
5718
1527
5720
5721
5722
5723
5724
5725
5726
5727
5728
5729
5730
5731
5732
5733
5734
8901
5736
5737
5738
5739
5740
5741
5742
5743
8860
5745
5746
8334
2925
5922
5750
5751
5752
6101
5754
5755
5756
5757
881
5759
5760
8047
5762
5763
5764
5765
5766
5767
5768
5769
5770
5171
5772
9322
1185
5775
3708
6922
9688
5779
5780
5781
5782
5783
5784
5785
5786
5787
5788
5789
5790
5791
5792
5793
5794
5795
5796
5797
5798
5799
5800
5801
5802
5803
5804
5805
5943
5807
5808
5809
5810
5811
5812
5813
5814
997
3544
5817
5818
5819
4393
819
5822
9335
5824
7364
5826
5827
5828
5829
5830
5831
5832
5833
5834
5835
5836
5837
5838
9458
5840
5841
5842
3648
5844
5845
5846
5847
5848
7458
5850
5851
5852
5853
5854
5855
3671
5857
5858
5859
2906
5861
5862
5863
5864
5865
5866
5867
5868
5869
5870
5871
5872
5873
5874
6380
5876
5877
5878
5879
5880
5881
5882
5883
5884
5885
5886
5887
5888
5889
5890
5891
5892
5893
5894
5895
5896
5897
5898
5899
7968
5901
784
4237
5904
5905
9097
5907
7177
5909
5910
5911
5912
2143
5914
5915
5916
5917
2435
8999
5920
5921
5158
5923
5924
1655
5926
5927
5928
5929
5930
5931
5932
5933
8734
5935
5936
2347
5938
2456
5940
5941
5942
2548
8405
5945
5946
5947
5948
5949
5950
5951
3680
5953
5954
5955
5956
5957
5958
5959
5960
5961
5962
5661
5964
5965
5966
5967
5968
5969
6813
5971
5972
4397
8043
5975
4256
5977
5978
5979
5980
5981
5982
5983
5984
5985
6852
5987
5988
5177
5990
5991
1114
5993
2738
5995
5996
5997
5998
5999
6000
6001
1558
6003
6004
8162
6006
6007
6008
6009
6010
6011
6012
6013
6014
9116
6016
3761
6018
6019
6020
6021
6022
6894
6024
6025
6026
7282
6028
6029
6030
8927
6032
6033
6034
6035
6036
6037
6038
6039
6040
6041
6042
6043
6044
6045
6046
6047
6048
6049
7843
8998
6367
6053
6054
6055
6056
6057
2313
9389
6060
3428
6062
6063
6064
6065
6066
6067
6068
6069
6070
6071
6072
6073
4690
6075
6076
6077
6078
6079
6080
1222
6082
6083
6084
1721
6086
6087
6088
6089
6090
6091
6092
5120
6094
6095
6096
6097
6098
6099
6100
5753
6102
6103
6104
6105
6106
6107
6108
6109
6110
8060
6112
6113
6141
6115
6116
6117
6118
6119
6120
6121
6122
6123
1118
6125
6126
8414
6128
6129
6130
6131
6132
6133
6134
6135
6136
6137
6138
6139
6140
6114
3266
6143
6144
6565
6146
6147
6148
6149
6150
6151
6152
6153
6154
6155
9075
6157
5280
6159
8686
6161
6162
6163
6164
2349
6166
7651
6168
2488
6170
6171
6745
6173
6174
6175
6176
6177
6178
6179
6180
6181
6182
6183
6184
6185
6186
6187
3281
6189
8815
6191
6192
6193
6194
3193
3654
6197
6198
8652
6200
6201
6202
6203
6204
6311
7213
6207
6208
6209
6210
6211
6212
6213
2142
6215
6216
6217
6218
6219
6220
6221
8230
6223
6224
6225
6226
6227
4271
6229
6230
6231
6232
6233
86
6235
6236
8855
6238
6239
6240
6241
6242
6243
6244
6245
6246
6247
6248
6249
6250
6251
6252
6253
6254
4655
6256
6764
6258
6259
1532
9186
6262
6263
6264
6265
6266
1888
6268
6269
6270
6271
6272
6273
6274
6275
6276
6277
6278
6279
1449
878
6282
3351
6284
6285
6286
6287
7251
6289
6290
295
6292
6293
6294
6295
6296
6297
6298
6299
4664
6301
6302
6303
1436
8519
6306
6307
6308
6309
6310
6205
6312
9129
6314
6315
6316
6317
6318
6319
6320
6321
8996
6323
6324
6325
6326
6327
6328
5281
6330
6331
6332
6333
8827
6335
6336
6337
8545
4375
6340
6341
6342
6418
6344
6345
6346
6347
6348
5386
6350
6351
5314
6353
6354
6355
6356
6357
6358
6359
6360
6361
6362
6363
6364
6365
6366
6052
6368
3035
1561
6371
6372
6373
6374
6375
6376
1410
6378
6379
5875
4414
6382
6383
6384
6385
6386
6387
6388
6389
6390
6391
6392
6393
6394
6395
6396
6397
6398
6399
6400
6401
1291
8979
6404
6405
6406
6407
6408
6409
6410
2641
6412
6413
5410
3846
6416
6417
6343
6419
6420
6421
6422
6423
2512
6425
9353
6427
6428
2724
6430
6431
6432
6433
6434
6435
6436
6437
8048
9368
5125
6441
6442
6443
6444
6445
6446
6447
6448
6449
5126
6451
1955
6453
6454
6455
7392
6457
6458
6459
6460
6461
6462
1231
6464
6465
6466
6467
6468
6469
6470
6471
6472
6473
6474
6475
6476
5986
6478
6479
6480
6481
6482
6483
6484
6485
7644
6487
6488
6489
6490
6491
6492
6493
7567
9622
6996
6497
6498
9923
6500
6501
6502
451
6504
6505
6506
6507
6508
6509
8467
920
6512
6513
6514
6515
4240
6517
6518
6519
6520
6521
6522
8691
6524
6525
6526
6527
6528
6529
6530
6531
6532
6533
6534
6535
6536
6537
5701
8147
6540
9320
6542
6543
6544
6545
5685
9586
6548
6549
6550
6551
6552
6553
6554
6555
6556
6557
6558
6559
6560
6561
6562
6563
7159
6145
6566
6567
6568
4921
6570
6571
6572
6573
6574
6575
6576
6577
6578
6579
6580
6581
6582
6583
7333
1360
6586
6587
6588
6589
6590
4543
6592
6593
6594
6595
3308
6597
6598
6599
7538
6601
6602
6603
6604
6605
6606
6607
6608
900
6610
6611
6612
6613
6614
6615
6616
6617
2251
6619
6620
829
6622
8547
6624
6625
6626
6627
6628
6629
6630
6631
6632
6633
6634
6635
4182
6637
6638
6639
6640
8088
6642
6643
6644
6645
6646
6647
6648
6649
6650
6651
6652
6653
6654
6655
3995
6657
6658
925
6660
6661
6662
6663
6664
8209
6666
6667
7483
6669
6670
6671
6672
6673
6674
9369
6676
8554
8295
6679
7535
6681
6682
6683
6684
6685
6686
6687
7379
9779
9444
1639
6692
6693
6694
6695
6696
6697
870
4452
6700
6701
6702
6703
6704
6705
6706
1782
6708
6709
6710
6711
6712
6713
6714
7319
6716
6717
6718
1624
6720
6721
6722
6723
5349
6725
6726
6727
2582
6729
6730
6731
1632
6733
6734
1562
6736
9719
6738
6739
6740
6741
6742
6743
6744
6172
6746
6747
6748
6749
6750
6751
6752
6753
6754
6755
6756
6757
6758
6759
6760
6761
6762
3560
4712
6765
6766
6767
6768
6769
6770
6771
6772
6773
6774
6775
6776
6777
6778
6779
6780
6781
6782
6783
6784
6785
6786
6787
6788
6789
6790
6791
6792
6793
6794
6795
6796
7153
6798
7866
6800
6801
6802
6803
6804
6805
6806
6807
6808
6809
6810
6811
6812
5970
6814
1399
6816
6817
6818
6819
711
6821
6822
3374
6824
6825
898
6827
6828
6829
6830
5974
6832
6833
6834
6835
6836
6837
1435
6839
6840
6841
6842
6843
6844
6845
6846
8494
6848
6849
6850
6851
6477
6853
6854
6855
6856
6857
6858
9227
6860
6861
6862
4423
9754
6865
6866
6867
6868
6869
6870
6871
3208
8549
6874
6875
6876
6877
6878
6879
6880
6881
6882
6883
6884
9746
6886
3679
6888
6889
6890
6891
6892
6893
6023
6895
6896
6897
6898
7936
6900
6901
6902
6903
6904
6905
6906
5963
8497
1057
6910
5041
4433
6913
6914
6915
6916
6917
6918
221
6920
6921
5777
6923
6924
6925
6926
6927
6928
5330
6930
6931
9928
6933
6934
6935
6936
6937
6938
6939
6940
6941
6942
8785
6944
6945
6946
943
6948
6949
6950
6951
7208
6953
6954
6955
6956
6957
6958
6959
6960
6961
6962
6963
6964
5231
6966
700
6968
6969
6970
6971
6972
450
6974
841
6976
6977
6978
6979
6980
6981
155
8611
6984
6985
9307
6987
6988
442
6990
6991
6992
6993
6994
6995
6496
6997
6998
6999
7000
7001
1004
7003
7004
7005
7006
7007
9813
7009
7010
7011
3860
7013
7014
7015
7016
7017
7018
7019
7020
3911
9959
7023
2703
7025
7026
7027
7028
7029
7030
7031
3889
7033
7034
7035
7036
7037
9900
7039
7040
4971
7042
7043
7044
7045
4593
7047
7048
7049
7050
7051
7960
7053
7054
7055
7056
7057
1215
7059
7060
7061
7193
7063
7064
7065
5507
7067
7068
7069
7070
7071
7072
7073
7074
7075
7076
7077
7078
7079
7080
7081
991
7083
7084
7085
7086
7087
7088
7089
8134
7091
7092
7093
7632
7095
7096
7097
7098
7099
7100
7101
7102
7103
5397
7105
8476
5680
7108
7109
7910
7111
7112
7113
7114
7115
7116
7117
7118
7119
7120
7121
9264
7123
7124
7125
7126
7127
3318
7129
7130
1396
4549
7133
7134
7135
7136
7137
7138
7139
7140
7141
7142
7143
7144
7145
7146
7147
7148
7149
9786
7151
7152
3600
7154
7155
9933
7157
7158
6564
7160
7161
7162
1086
3040
7165
7166
7167
7168
7169
7170
7171
7172
7173
8913
7175
7176
5908
7178
7179
7180
7181
7182
7183
7184
7391
9480
9748
7188
7189
7190
7191
7192
7062
7194
611
7196
7197
7198
7199
7200
7201
7202
7203
7204
7205
1544
7207
6952
7209
7210
7211
4650
6206
7214
7215
7216
3863
7218
7219
7220
7221
7222
7223
9384
7225
7226
7227
7228
7229
7230
7231
3299
7233
7234
7235
7236
7237
7238
7239
7240
7241
7242
7243
7244
7245
7246
1719
7248
7249
7250
6288
7252
7253
7254
5650
7256
7257
3787
7259
7260
7261
7262
7263
7264
2513
7266
2720
7268
7269
2502
7271
7272
7273
7274
7275
7276
7277
7278
7279
2472
7281
370
7283
7284
607
8404
6908
7288
7289
7066
7291
7292
7293
7294
7295
4503
7297
7298
7299
1413
7301
7302
7303
7304
8096
4405
3339
7308
7309
7310
7311
8503
2029
7314
7315
7316
7317
7318
6715
7320
7321
7850
7323
7324
7325
7616
3673
7328
2887
7330
7331
7332
6584
7334
736
7336
7337
7338
194
1217
7341
7342
7343
7344
7345
7346
7347
7348
7349
7350
7351
7352
7353
7354
2175
7356
7357
7358
7359
7360
7361
7362
7363
5825
7365
7366
7367
7368
245
7370
748
7372
7373
7374
7375
7376
7377
7378
6688
7380
7381
3705
7383
7384
7795
7386
7387
8636
1331
7390
7185
6456
257
7394
7395
7396
7397
7398
7399
7400
9114
7402
7403
7404
7405
5652
7407
7408
7409
7410
7411
7412
7413
7414
7415
7416
7417
7418
7419
7420
7421
7422
7423
7424
7425
7426
7427
2913
7429
7430
7431
7432
7433
7434
7435
9247
7437
2496
7439
7440
7441
1926
8560
7444
9296
7724
7447
7448
7449
7450
7451
7452
7453
7454
4315
7456
7457
5849
7459
7460
7461
7462
7463
7464
7465
1800
7467
7468
5306
7470
7471
7472
7473
729
7475
7476
7477
7478
7479
7480
7481
7482
6668
7484
7485
7486
7991
7488
7489
7490
3590
9351
5505
7494
2509
7496
7497
7498
8967
7500
7501
7502
7503
1260
8643
7506
7507
9795
7509
7510
9435
7512
7513
7514
7515
779
7517
7518
7519
977
1857
8453
7523
7524
7525
7526
972
7528
7529
7530
7531
7532
7533
7534
6680
7536
7709
6600
7539
7540
315
7542
7543
7544
7545
7546
7547
7548
7549
2723
7551
7552
7553
7554
7555
7556
7557
7558
7559
7560
7561
7562
7563
7564
5460
7566
6494
7568
7569
7570
7571
7572
2868
7574
7575
7576
7577
7578
7579
7580
7581
7499
7583
7584
7585
7586
7587
7588
7589
7590
8264
7592
7593
5315
3867
7596
7597
7598
7599
7600
7601
1592
7603
7604
7605
7606
3379
7296
7609
7610
7611
7612
7613
7614
7615
7326
7617
7926
7619
7620
7621
7622
8859
7624
7625
7626
7627
7628
7629
7630
7631
7094
7633
7634
7635
7636
7637
7638
7639
7640
7641
7642
7643
6486
7645
7646
7647
9637
7649
7650
6167
7652
7653
7654
7655
7656
7657
7658
7659
7660
7661
7662
7663
7664
7665
7666
7667
7668
7669
7670
7671
7672
7673
7674
7675
7676
7677
7678
2783
7680
7681
8875
7683
7684
7685
508
7687
7688
7689
7690
7691
7692
7693
7694
7695
7696
7697
7698
7699
7700
7701
7702
7703
229
327
7706
7707
7708
9489
7710
8077
7712
7951
7714
7715
7716
7717
7718
7719
7720
7721
7722
7723
2356
7725
7726
7727
7728
7729
7730
7731
7732
7733
7734
7735
7736
7737
7738
4817
7740
7741
7742
7743
7744
7745
7746
7747
8331
7749
7750
7751
7752
7753
169
7755
7756
7757
7758
7759
7760
7761
2568
7763
7764
7765
6334
7767
7768
7769
7770
7771
7772
7773
7774
7775
7776
8406
612
3214
7780
7781
7782
9102
7784
7785
5246
1243
2425
7789
8179
7791
7792
7793
7794
7385
7796
7797
7798
7799
7800
7801
7802
8958
7804
7805
7806
7807
7808
7809
7810
7811
7812
7813
7814
7815
7816
2847
7818
7819
9735
7821
7822
5554
7824
7825
7826
7827
7828
7829
7830
7831
7832
7833
7834
5614
7836
7837
7838
7839
7840
7841
7842
6050
7844
2832
7846
7847
7848
7849
7322
8319
7852
7853
7854
7855
7856
7857
7858
7859
7860
7861
7862
7863
7864
7865
6799
7867
7868
7869
7870
7871
4954
7873
7874
7875
7876
7877
7878
7879
7880
7881
7882
5335
7884
7885
7886
7887
7888
7889
7890
7891
7892
7893
7894
7895
7896
7897
7898
7899
4094
8059
7902
7903
7904
7905
7906
7907
7908
7909
7110
7911
7912
7913
7914
7915
7916
7917
7918
7919
7920
7921
7922
7923
7924
1665
7618
5615
7928
7929
7930
5127
2511
7933
7934
7935
6899
7937
7938
7939
7940
7941
7942
7943
7944
1886
7946
7947
7948
7949
7950
7713
7952
7953
7954
7955
7956
123
7958
7959
7052
7961
7962
7963
7964
7965
7966
7967
9715
7969
7970
7971
7972
7973
7974
2901
7976
7977
7978
7979
7980
7981
7982
7983
7984
4306
4843
7987
7988
7989
7990
2296
7992
7993
7994
7995
7996
7997
2551
7999
8000
1861
8002
8003
8004
9000
8006
8007
8008
8009
8010
8011
8012
8013
825
8015
5432
2966
8018
8019
8020
2385
8022
8023
8024
8025
8026
8027
8028
2707
8030
8031
8032
8033
8034
8035
8036
8037
789
8039
8040
8041
8042
1088
8044
8045
8046
5761
6438
8049
8050
8051
8052
8053
8054
8055
8056
8057
8058
7901
6111
8061
8062
8063
8064
8065
8066
8067
8068
8069
8070
8071
746
8073
8074
8881
8076
4191
8078
8079
8080
8081
8082
8083
7522
8085
2067
8087
1006
8089
8090
8091
8092
8093
8094
9558
7305
8097
8098
8099
8100
8101
8102
8103
8104
8105
8106
8107
8157
8109
8110
8111
8112
8113
8114
8115
8116
8117
8118
8119
8120
8121
8122
8123
8124
8125
5196
8127
8128
8129
8130
8131
8132
8133
7090
2829
8136
8137
1461
8139
9131
201
8142
8143
8144
8145
8146
7766
8148
8149
8150
8151
8152
8153
8154
8155
8156
8108
8158
8159
8160
8161
6005
1027
8164
8165
8166
6002
8168
8169
8170
8171
8172
8173
8174
8175
8176
8177
8178
7790
8180
8181
8182
8183
8184
8185
8186
8187
8188
8189
5065
8191
8192
8193
8194
8195
8196
8197
8198
8199
6156
5395
8202
8203
8204
8205
1320
8207
8208
6665
8210
8211
8212
8213
8214
8215
8216
8217
8218
8219
1259
8221
8222
8223
8224
8225
8226
5533
8228
8229
6222
8231
8232
8233
8234
8235
8236
8237
9640
8239
564
8241
8242
8243
8244
8245
2176
8247
8248
8249
8250
8251
8252
8253
2875
8255
8256
8257
8258
8259
8260
22
8262
8263
8903
8265
2651
8267
1902
8269
8270
8271
8272
8273
8274
8275
8276
8277
8278
8279
9194
8281
8282
8283
8284
5295
8286
8287
8288
8289
8290
8291
8292
8293
9466
6678
8296
8297
8298
8299
279
8773
8302
8303
2331
8305
8306
8307
8308
8309
8310
8311
8312
8313
8314
8315
2926
8317
8318
7851
8320
8321
8322
8323
8324
8325
8326
8327
8328
8329
8330
7748
8332
3495
1528
8335
8336
8337
8338
8339
8340
8341
8342
8343
8344
8345
8346
8347
8348
8349
8350
3561
8352
8353
8354
8355
9815
8357
8358
9856
4839
8981
8362
8363
665
8365
8366
8367
8368
8369
8370
3141
8372
8373
8374
8375
8376
8377
8378
8379
8380
8381
8382
8383
8384
8385
8386
8387
8388
8389
8390
2552
8392
8393
8394
8395
8396
8397
8398
8399
8400
8401
8402
8403
9535
5944
7777
8407
8408
8409
8410
8411
8412
8413
6127
8415
8416
8417
8418
1077
8420
8421
8422
8423
8424
8425
5514
4307
8428
8429
8430
8431
8432
8433
8434
8435
8436
2949
8438
8439
8440
8441
4137
8443
8444
8445
8446
8447
8448
8449
8450
1696
8452
8084
8454
8455
8456
8457
8458
4575
8460
8461
8462
8463
8464
8465
8466
6510
8468
8469
8470
8471
4534
8473
4756
8475
7106
8477
8478
8479
7024
8481
8482
8483
8484
8485
8486
5580
8488
8489
8490
8491
8492
8493
6847
8495
8496
7287
8498
8499
8500
8501
8502
1203
8504
8505
8506
8507
8508
8509
8510
8511
8512
7212
8514
8515
8516
8517
8518
6305
8520
8521
8522
7340
8524
8525
8526
8527
8528
8529
8530
8531
8532
8533
8534
8535
8536
8537
8538
8539
8659
8541
8542
3314
8544
1475
8546
6623
8548
6873
3578
4045
8552
8553
6677
8555
8556
8557
8558
8559
7443
8561
8562
2818
8564
1643
8566
8567
8568
8569
8570
8571
8572
8573
8574
8575
8576
8577
8578
8579
8580
8581
8582
8583
8584
8585
8586
8587
8588
3008
8590
8591
8592
8593
8594
8595
8596
8597
818
8599
8600
8601
8602
2728
8604
8605
8606
8607
8608
8609
8610
6983
8612
8613
1510
8615
8616
8617
8618
8619
8620
8621
8622
8623
8624
4888
8626
8627
8628
8629
6823
8631
2297
8633
8634
8635
195
8637
8638
8639
3659
8641
8642
7505
8644
8645
8646
8647
8648
8649
8650
8651
6199
5389
8654
8655
8656
8657
8658
8540
8660
654
8662
8663
5265
8665
8666
8667
8668
8669
8670
8671
8672
8673
8674
8675
8676
8677
8678
8679
2877
8681
8682
8683
8876
8685
6160
8687
8688
8689
8690
6523
8692
8693
8694
8695
8696
8697
8698
1374
8700
1481
8702
8703
8704
8705
8706
8254
8708
8709
1245
1545
8712
8713
8714
8715
8716
8717
8718
8719
8720
772
8722
8723
8724
8725
9505
8727
9789
8729
8730
8731
8732
8733
5934
8735
8736
8737
8738
8739
8740
8741
8742
8743
8744
8745
8746
8747
8748
8749
8750
8751
8752
8753
8754
8755
8756
8757
8758
8759
8760
6675
8762
3588
8764
8765
8766
8767
8768
2255
5665
9008
8772
3488
8774
8775
8776
8777
8778
8779
1240
8781
8782
8783
8784
6943
8786
8787
8788
9784
8790
8791
8792
8793
8794
8795
8796
8797
8798
8799
8800
8801
8802
8803
1801
8805
8806
8807
8808
8809
8810
8811
4499
629
8814
6190
8816
8817
8818
8819
8820
8821
8822
8823
8824
8825
8826
6539
8828
9486
8830
8831
8832
8833
8834
8835
8836
2670
8838
8839
8840
8841
8842
8843
8844
8845
8846
8847
8848
8849
8850
8851
8852
8853
8854
132
8856
8857
8858
7623
5744
8861
8862
8863
8864
8865
8866
1411
8868
8869
8870
8871
8872
302
8874
7682
5118
8877
8878
8879
8880
8075
8882
8883
8884
8885
8886
8887
8888
8889
8890
8891
8892
8893
8894
8895
8896
8897
9540
9951
8900
5735
8902
2211
8904
8905
8906
8907
8908
8909
8910
8911
8912
5903
8914
8915
4201
8917
8918
2712
8920
3715
4616
8923
8924
8925
8926
1501
8928
8929
8930
8931
8932
4016
8934
8935
8936
8937
331
3854
8940
8941
8942
8943
8944
6015
8946
8947
8948
8949
8950
8951
8952
8953
8954
8955
874
8957
7803
8959
8960
8961
8962
8963
8964
8965
8966
7582
2001
8969
8970
8971
8972
8973
8974
8975
8976
8977
8978
6403
8980
8361
8982
9695
8984
8985
8986
8987
8988
8989
8990
8991
8992
8993
8994
8995
6322
2952
6051
5919
8005
9001
9002
9003
9004
9005
2903
9007
8771
9009
9010
9011
9012
9013
9014
9015
9016
9017
9018
9019
9020
9021
9022
9023
9513
9025
9026
1409
9028
3058
9268
9031
9032
9033
9034
9035
9036
9037
9038
9039
2026
9041
9042
3859
9044
9045
9046
860
9048
9049
9050
9051
9052
9053
9054
9055
9056
9057
9058
9059
6912
9061
9062
9063
9064
9065
9066
9067
9068
9069
9070
9071
9072
9073
9074
8200
9076
9077
9078
1393
9080
9081
2354
9083
9084
3714
3773
9961
9088
9089
9090
9091
9092
9093
9094
9095
9096
4046
9098
9099
9100
9101
7783
9103
9528
9105
9106
9107
9108
9109
9110
9111
9112
9113
7511
9115
5856
9117
9118
9119
9120
9121
9122
9123
9124
9125
9126
776
9128
6313
9130
4060
9132
9133
9134
9135
9136
9137
3476
9139
6932
9141
9142
9143
9144
9145
9146
9147
9148
9149
9150
9151
9152
9153
9154
5989
9156
9157
9158
9159
2420
9161
9162
9163
9164
9165
9166
9060
9168
2376
9170
9171
9172
5596
9174
9175
9176
441
5691
3429
9180
9181
9182
9183
3583
9185
6261
9187
9188
9189
9190
9191
9192
9193
2532
5581
9196
9197
9392
9199
9200
9201
9202
4153
9204
9205
9206
9207
9208
9209
9210
5139
9212
9213
9214
9215
9216
9217
9218
9219
9220
9221
9222
9223
9224
9225
9226
6859
9576
9229
9230
9231
9232
9233
9234
9235
9236
9237
9238
2360
9240
9241
9242
9243
9244
9245
9246
7436
9248
9249
9250
9251
9252
9253
7163
9255
9256
9257
9258
9259
9260
9261
9262
9263
7122
9265
9266
9267
9030
9269
9270
9271
9272
9273
9274
9275
9276
9277
9278
9279
9280
9281
9282
9283
9284
9285
9286
9287
9288
9289
9290
9291
9292
3117
9294
9295
7445
9297
9298
9299
1556
9301
9302
9303
9304
9843
9306
6986
9308
9309
9310
9311
9312
9313
9314
9315
9316
9317
9318
9319
6541
3022
5773
9323
9324
9325
1275
9327
9328
3914
4244
9331
9332
9333
9334
6989
9336
9337
9338
9339
9340
9341
9342
3807
1984
9345
9346
9347
9348
9349
9350
7492
7355
6426
9354
9355
9356
9357
9358
9359
9360
9361
9362
9363
9364
9365
9366
9367
6439
3383
9370
9371
9372
9373
9374
9375
9376
1615
9378
9379
9380
9381
9382
9383
7224
9385
9386
9387
9388
6059
9390
9391
9198
9393
9394
9395
9396
9397
9398
9399
9400
9401
9402
9403
9404
9405
1300
9407
9408
9409
9410
9411
9412
9413
9414
9415
9416
9417
9418
9419
9420
9942
5310
9423
9424
9425
9426
768
9428
9429
9430
9431
9432
9433
9434
7401
9436
9437
2698
3710
5646
2775
9442
9443
6690
9445
9446
9447
9448
9449
9450
9451
9452
9453
9454
9455
9456
2944
5839
9459
9460
9461
9462
9463
9464
9465
8294
9467
9468
9469
9470
3385
9472
9473
9474
9475
9476
9477
9478
9479
7186
9481
9482
9483
9484
9485
8829
9487
9488
7537
9490
2339
9492
9493
9494
8474
9496
9497
9498
4093
9500
9501
9502
9503
4793
554
9506
9507
9508
9509
9510
9511
9512
9024
9514
9515
2214
9517
9518
9519
9520
9521
9522
9523
9524
9525
2975
9527
9104
9529
4745
9531
9532
9533
9534
7286
9536
9537
9538
9539
4206
9541
9542
9543
9544
9545
9546
9547
9548
9549
9995
9551
9552
9553
9554
9555
9556
9557
8095
9559
9870
9561
9562
9563
9564
9565
9566
9567
9568
4841
9570
9571
9572
9573
9574
9575
9228
9577
9578
9579
9580
9581
9582
9583
9584
9585
6547
9587
9588
1690
3595
9591
9592
9593
9594
9595
9596
9597
9598
9599
9600
9601
9602
9603
9604
2084
9606
9607
9608
9609
9610
9611
9612
9613
9614
9615
9616
9617
9618
9619
9620
9621
6495
9623
5292
9625
9626
9627
3791
9629
3144
9631
9632
9633
3272
5400
9636
7648
1324
9639
8238
9641
9642
9643
9644
9645
9646
9647
9648
9649
9650
3907
9652
9653
9654
9655
9656
9657
4274
9659
9660
9661
9662
9663
9664
9665
9666
9667
9668
9669
9670
2736
9672
9673
9674
9675
9676
9677
9678
9679
9680
9681
9682
9683
9684
9685
9686
9687
5778
9689
9690
9691
4800
9693
9694
8983
9696
9697
9698
9699
9700
2514
9702
9703
9704
9705
9706
9707
9708
9709
9710
9711
9712
9713
9714
5900
9716
9717
9718
6737
9720
9721
9722
9723
9724
9725
9726
9727
9728
9729
9730
9731
9732
9733
9765
7820
9736
9737
8997
3085
9740
9741
9742
9743
9744
9745
6885
9747
7187
9749
730
9751
9752
9753
6864
1975
9756
9757
9758
9759
9760
1944
9762
9763
9764
9734
9766
9767
9768
9769
9770
9771
9772
9773
9774
9775
9776
9777
9778
6689
9780
9781
9782
9783
8789
9785
7150
9787
9788
8728
9790
9791
9792
9793
9794
7508
9796
9797
9798
9799
9800
9801
9802
9803
9804
9805
9806
9807
9808
9809
9810
9811
9812
7008
9814
8356
9816
9817
9818
9819
9820
9821
5000
1928
9824
9825
9826
2773
4794
9829
9830
9831
9832
9833
9834
3424
9836
1966
9838
9839
9840
9841
9842
9305
9844
9845
9846
1198
9848
9849
3387
9851
9852
9853
9854
9855
8359
9857
9858
9859
9860
9861
9862
9863
9864
9865
9866
9867
9868
9869
9560
9871
9872
9873
9874
9875
9876
9877
9878
9879
9880
9881
9882
9883
9884
9885
9886
9887
9888
9889
5645
9891
9892
9893
9894
3505
9896
9897
9898
9899
7038
9901
9902
9903
9904
9905
4542
9907
9908
9909
1446
9911
9912
9913
9914
9915
1190
9917
2380
9919
9920
9921
9922
6499
1633
9925
9926
5239
9140
9929
9930
1334
9932
7156
9934
9935
9936
9937
9938
9939
9940
9941
9421
9943
9944
9945
9946
9947
726
9949
9950
8899
9952
3475
9954
9955
9956
9957
6338
7022
9960
2563
9962
9963
9964
9965
9966
9967
9968
9969
9970
820
9972
9973
9974
9975
9976
9977
9978
5550
1605
1089
9982
9983
9984
9985
9986
9987
9988
9989
9990
4485
9992
9993
9994
9550
9996
9997
9998
9999
