948
586
96
786
68
250
771
24
113
161
73
150
610
90
721
28
384
580
328
92
677
635
108
316
179
185
630
117
18
64
616
327
577
190
806
783
846
846
434
446
544
255
223
103
17
411
511
52
634
158
416
613
718
953
913
887
528
338
370
557
209
754
649
142
97
459
777
186
215
51
373
650
436
553
51
651
617
147
579
47
520
241
958
816
160
850
332
386
355
898
669
636
34
52
793
242
152
570
932
354
307
926
9
304
455
667
911
145
244
709
641
624
640
746
879
233
440
67
329
16
903
467
36
429
113
364
349
206
393
464
363
896
479
26
313
940
437
345
929
914
344
6
988
589
964
723
757
35
792
272
845
502
65
947
25
492
3
35
209
112
698
666
258
858
134
236
714
138
756
216
923
700
273
834
592
392
577
330
381
666
558
181
364
545
885
69
882
141
115
152
840
378
357
266
940
676
724
48
616
606
6
986
754
306
65
700
243
119
483
866
916
114
278
741
137
859
295
878
377
950
549
133
14
113
958
598
863
448
693
577
710
35
952
709
763
625
422
129
854
764
366
6
932
352
938
852
337
17
963
424
380
688
869
855
696
73
539
121
950
829
894
436
256
447
790
148
737
76
563
173
688
692
885
741
355
416
424
672
31
335
188
424
438
249
256
409
506
247
182
815
133
628
594
229
451
252
964
803
455
640
189
515
682
499
982
624
323
357
243
987
48
97
447
355
794
956
729
608
159
517
724
861
408
339
477
607
227
624
61
614
339
432
366
136
347
701
955
92
562
779
32
937
999
235
632
452
14
206
861
16
779
600
73
637
971
966
308
63
323
765
855
930
448
337
876
511
708
606
609
558
74
247
521
400
377
640
402
391
277
850
446
20
539
467
281
365
874
344
753
465
439
840
364
193
49
181
835
485
932
346
115
336
641
332
284
362
514
286
531
744
858
261
186
953
115
228
712
895
577
197
523
32
828
325
528
377
836
507
309
806
589
925
407
936
641
126
757
131
612
624
245
187
707
730
212
971
470
902
889
425
93
738
899
817
558
736
849
781
652
44
328
798
299
666
63
417
32
746
462
17
534
849
973
765
667
605
513
501
217
356
273
78
896
762
55
160
104
301
929
41
389
326
231
808
675
847
896
943
241
115
685
246
578
38
847
624
502
115
780
156
895
380
772
931
79
881
650
408
727
600
693
41
114
765
7
865
281
22
141
687
31
166
397
950
92
444
86
682
399
167
337
748
421
376
125
850
214
900
968
854
526
501
209
737
297
156
730
980
600
780
604
163
824
78
114
911
489
885
608
702
92
301
788
472
678
381
842
721
49
326
229
46
578
527
73
294
741
895
174
606
668
302
503
49
335
695
417
251
197
78
863
896
752
154
210
549
55
520
781
186
85
140
606
315
398
188
513
722
730
195
983
331
714
990
107
412
432
222
565
78
203
59
440
756
503
186
302
383
531
611
811
835
276
641
894
162
783
718
644
779
180
435
15
191
166
393
364
200
790
447
90
301
296
656
654
886
653
512
436
529
471
387
759
903
803
386
650
431
441
83
207
532
647
219
796
461
555
235
318
905
991
244
821
388
191
57
255
883
950
704
664
720
446
804
215
898
135
722
684
525
591
517
342
369
751
88
649
122
606
400
932
539
302
612
120
431
4
425
765
918
910
694
327
512
637
145
13
321
450
173
914
65
949
849
548
382
288
709
770
337
458
787
699
266
199
920
394
969
373
742
533
738
57
239
564
284
96
504
590
190
250
792
735
806
144
11
447
896
982
135
100
831
372
290
543
459
574
574
28
175
451
618
475
765
587
599
75
457
642
180
726
671
193
230
232
18
459
975
497
721
461
945
426
112
735
304
268
873
495
609
844
276
269
931
930
26
464
129
601
818
735
456
25
855
253
427
968
934
307
769
799
799
817
104
880
591
736
696
357
672
486
510
276
510
68
19
456
894
717
865
833
661
460
762
210
586
560
316
75
137
84
733
37
917
503
831
835
17
282
199
800
980
63
376
123
607
247
167
375
771
924
595
343
436
189
444
270
204
512
845
165
781
697
854
742
927
513
170
373
282
810
386
727
505
198
84
666
347
520
780
620
359
554
924
463
163
877
635
121
625
215
904
371
863
295
234
575
929
92
54
572
413
171
403
191
651
983
373
719
519
555
356
146
93
491
192
14
711
521
267
7
989
659
747
487
986
737
683
165
656
780
710
300
127
762
479
419
279
519
759
693
831
669
164
63
105
171
130
743
828
892
104
884
941
351
842
544
515
140
511
