0
1
2
3
374
275
6
7
8
9
10
11
12
13
14
15
16
17
18
19
20
21
22
23
24
84
26
27
28
594
74
31
32
43
34
35
36
37
382
742
40
707
42
33
44
45
670
47
48
569
50
369
52
53
195
55
783
497
58
328
60
972
62
247
64
65
66
67
68
69
70
71
72
73
30
75
76
77
78
79
98
593
82
370
25
85
86
87
88
89
659
91
92
93
94
95
96
97
80
99
100
101
102
103
822
105
733
730
108
109
417
111
112
113
114
115
116
117
201
228
120
121
122
223
124
125
126
346
128
129
993
572
132
133
134
135
136
137
138
530
140
832
142
143
144
145
146
147
148
149
150
151
152
153
154
155
290
503
158
159
541
161
162
163
164
165
773
169
168
167
170
860
172
173
528
175
176
177
178
179
180
181
182
183
184
185
186
187
188
189
352
191
192
39
194
54
196
197
198
746
200
118
202
203
782
205
206
207
208
209
210
211
212
213
214
215
216
266
218
219
220
221
222
123
224
225
226
227
119
229
230
564
232
233
234
235
236
237
238
239
240
800
242
243
244
245
246
63
248
249
250
251
252
253
254
436
256
257
258
259
260
261
262
263
264
265
217
761
268
269
270
271
272
273
274
5
276
277
278
279
280
281
282
283
284
285
286
287
439
289
156
291
292
293
294
295
296
297
298
299
668
301
302
695
304
628
306
307
308
309
310
311
804
341
314
315
316
845
318
319
320
321
322
323
324
325
326
536
515
329
330
331
332
333
334
335
336
337
338
339
340
313
505
979
344
345
127
347
348
349
350
351
190
353
354
355
356
357
358
359
360
361
362
363
364
365
975
367
368
51
83
371
372
373
4
375
376
377
378
379
380
814
38
383
384
481
386
387
388
389
390
391
392
393
394
395
396
397
398
399
400
401
720
403
404
405
406
407
408
409
410
411
412
413
414
415
813
110
418
419
420
421
422
728
424
425
426
427
428
429
430
431
432
433
434
435
255
437
438
288
440
441
442
443
444
445
446
447
448
449
987
451
452
453
454
455
456
457
458
459
939
461
462
463
464
465
466
467
468
469
470
471
472
473
474
863
476
477
478
479
480
385
482
483
484
485
486
526
488
489
490
491
492
493
494
495
496
57
498
499
500
501
502
157
504
614
810
507
508
487
510
511
512
513
514
881
516
517
518
519
520
521
522
523
524
525
509
527
174
529
749
531
532
533
722
535
327
537
538
539
540
160
542
543
544
545
546
547
548
549
550
551
552
553
554
803
556
557
558
954
560
561
562
563
231
565
566
567
568
49
570
571
940
573
574
575
992
577
578
579
580
581
582
583
584
585
586
587
588
589
590
591
592
81
29
595
596
597
598
874
600
601
602
603
604
605
703
607
608
609
610
611
612
613
342
615
616
617
618
619
620
621
622
623
624
625
626
627
305
629
630
631
632
633
634
635
636
637
638
705
640
641
642
643
815
645
646
647
648
649
650
651
652
653
654
655
656
657
534
90
835
661
662
663
683
665
666
667
300
106
46
671
672
673
674
675
676
677
678
679
846
681
682
664
684
685
686
687
688
689
690
691
692
693
694
303
696
697
698
699
700
701
702
606
704
934
706
41
708
709
710
711
712
713
714
715
716
717
718
719
402
721
765
723
724
725
726
727
423
729
107
731
732
669
734
735
736
737
738
739
740
741
193
743
744
895
754
747
748
139
750
751
752
753
639
755
756
757
758
759
760
267
762
763
764
658
766
767
768
769
770
771
772
166
774
775
776
777
778
779
780
781
204
56
784
785
786
787
788
789
790
791
792
793
852
795
796
745
798
799
241
801
802
555
312
805
806
807
808
809
506
811
812
416
381
644
816
817
818
819
820
821
104
823
824
825
826
827
828
829
830
831
141
833
834
660
836
837
838
839
840
841
842
843
844
317
680
847
848
849
850
851
794
853
854
855
856
857
858
859
171
861
862
475
864
865
866
867
868
869
870
871
872
873
599
875
876
877
878
879
880
59
882
883
884
885
886
887
888
889
890
891
892
893
894
797
896
951
898
899
900
901
902
903
904
905
906
907
908
909
910
911
912
913
914
915
916
917
918
919
920
921
922
923
924
925
926
927
928
929
930
931
932
933
199
935
936
937
938
460
131
941
942
943
944
945
946
947
948
949
950
897
952
953
559
955
956
957
958
959
960
961
962
450
964
965
966
967
968
969
970
971
61
973
974
366
976
977
978
343
980
981
982
983
984
985
986
963
988
989
990
991
576
130
994
995
996
997
998
999
