398
109
994
80
729
823
67
860
153
841
104
120
786
186
85
784
389
13
457
547
257
887
445
10
973
532
29
728
707
38
673
319
105
888
453
396
81
293
667
817
96
432
75
94
843
319
305
922
997
617
620
491
637
977
287
248
628
199
120
856
205
497
270
553
381
131
664
726
882
648
409
342
624
635
39
853
982
487
626
281
592
383
314
731
925
938
177
256
952
855
423
252
68
682
53
226
520
944
489
409
890
980
368
430
928
718
169
146
505
69
662
569
810
193
622
319
765
871
262
6
732
810
230
600
235
346
815
917
387
84
674
522
827
798
748
206
233
861
254
106
439
333
264
677
952
708
949
553
529
771
50
949
980
242
560
808
808
655
266
719
829
219
96
835
915
193
617
218
10
524
391
272
731
60
932
993
270
340
443
150
133
699
290
386
869
460
419
664
501
445
937
139
72
193
63
417
612
178
260
453
444
390
155
568
707
909
407
755
247
789
468
923
389
969
136
97
339
164
665
101
968
86
800
774
800
930
931
137
628
420
208
996
990
361
980
910
834
708
340
93
623
426
395
851
717
900
507
781
441
263
383
905
524
425
100
124
234
817
247
174
845
683
425
571
666
344
728
934
275
894
39
956
580
833
334
370
689
981
660
931
708
455
440
506
333
351
463
489
817
380
208
420
405
612
636
93
892
742
825
949
164
167
997
131
959
532
935
700
213
370
377
919
607
608
25
259
350
286
64
48
730
357
290
959
167
794
267
983
81
224
227
301
672
409
136
87
838
233
195
629
918
583
309
532
23
960
135
640
21
538
408
910
897
442
193
899
863
298
613
429
701
59
668
916
139
306
662
324
357
506
405
505
990
319
924
823
415
810
332
110
197
846
829
878
113
885
608
45
336
487
955
298
99
673
958
765
185
38
347
837
840
845
435
629
274
198
570
716
60
170
812
63
290
174
10
710
430
115
300
344
584
126
195
283
263
671
342
396
766
616
289
743
657
932
583
740
302
809
4
686
673
947
741
865
408
855
803
271
13
520
418
639
770
946
863
60
62
241
904
637
846
596
470
661
959
700
230
665
103
483
517
130
411
691
889
727
539
924
548
952
138
592
355
664
986
615
286
144
756
851
208
580
733
951
957
373
732
361
651
770
127
624
122
300
549
740
197
93
679
865
514
619
664
831
854
758
804
706
297
172
468
561
921
574
87
684
371
121
620
759
924
211
419
173
613
79
892
995
581
95
344
139
784
773
876
881
165
590
867
822
942
59
467
694
448
86
408
72
891
189
188
458
571
526
200
510
820
48
620
220
941
809
322
469
659
713
809
146
62
770
165
135
192
346
796
296
601
207
84
870
985
239
935
389
261
856
520
901
730
442
48
131
968
823
289
28
405
732
116
454
11
488
453
210
883
309
324
945
40
455
863
810
921
744
410
702
526
846
321
448
916
514
292
316
787
606
481
155
340
730
880
664
24
610
303
51
788
832
662
895
937
857
645
473
351
719
721
351
826
355
981
459
725
564
733
587
506
1
470
143
371
966
986
46
99
398
63
788
734
822
207
732
871
506
346
22
680
718
439
710
172
323
626
25
529
4
439
812
505
411
868
555
647
13
957
706
126
39
329
483
973
740
530
901
599
988
434
982
503
482
665
101
913
34
738
734
980
757
445
883
27
58
856
259
595
715
814
665
414
89
329
620
710
781
60
862
941
525
425
748
185
327
834
465
909
588
11
935
731
972
532
107
750
34
100
532
899
883
64
0
327
385
284
714
187
63
816
940
949
392
220
140
209
648
518
599
740
718
24
967
808
308
671
202
780
77
909
41
811
2
696
385
53
617
508
673
330
219
915
736
602
512
637
931
555
698
83
113
898
514
580
171
106
426
802
242
322
153
663
606
216
540
842
937
731
975
606
510
775
304
593
257
674
820
89
61
851
952
738
436
138
854
509
102
170
866
451
864
139
280
183
560
381
284
977
468
6
150
998
156
988
688
941
522
527
725
509
700
773
511
642
715
857
29
894
60
518
424
611
889
741
40
23
515
238
159
425
205
642
354
704
392
63
80
571
127
973
640
763
78
646
203
148
524
643
75
474
106
249
919
961
135
530
868
413
969
927
9
823
282
915
111
889
5
75
787
584
539
882
738
976
319
585
144
759
466
668
604
239
163
607
699
375
903
511
376
763
865
109
213
647
518
13
649
419
343
61
334
464
212
136
53
985
986
179
873
164
288
255
797
424
668
293
354
137
461
16
520
878
196
131
328
996
604
971
773
355
875
431
605
390
556
829
999
992
939
726
187
98
732
233
432
113
952
326
46
812
437
280
89
923
760
781
390
91
306
210
93
822
900
191
707
959
849
83
811
419
415
368
489
579
992
518
139
430
931
422
116
27
218
396
925
492
257
80
650
191
762
902
223
678
919
649
125
134
349
350
293
708
81
292
712
91
682
666
737
907
474
497
303
995
666
225
698
911
337
471
793
4
681
403
734
928
743
519
815
200
941
876
666
105
949
367
884
903
996
289
574
924
664
292
532
760
368
864
643
167
959
942
767
280
60
756
190
113
544
343
844
352
285
743
300
556
152
556
968
627
859
862
590
621
858
50
23
477
727
736
388
15
268
841
335
292
661
207
779
547
903
772
962
883
657
92
913
883
277
351
817
386
907
398
909
458
579
671
259
14
724
332
217
133
150
789
174
647
97
598
130
140
719
635
594
652
893
271
940
721
809
100
523
928
336
973
639
671
559
344
285
808
620
631
767
843
65
525
463
251
595
429
669
814
829
574
483
264
556
748
665
81
183
648
105
882
478
655
649
784
915
279
969
407
737
614
160
487
543
445
488
84
17
226
874
455
964
243
391
770
676
366
756
281
4
814
80
828
352
103
750
425
874
467
130
790
672
309
762
956
111
186
322
87
926
247
708
754
825
350
986
783
759
954
569
652
171
946
68
289
708
811
378
86
585
5
581
786
45
231
536
982
434
191
532
359
598
993
247
338
311
441
433
58
563
628
732
158
760
552
448
358
461
605
497
595
827
147
902
630
268
898
318
888
494
976
712
721
676
940
607
397
290
490
872
896
546
912
850
442
576
61
481
238
734
905
479
180
45
48
72
255
969
712
584
800
167
377
579
937
837
348
888
582
638
676
723
13
434
33
966
542
158
956
587
958
172
301
153
542
154
576
264
904
727
478
650
849
104
903
368
538
790
373
943
816
577
971
637
172
109
445
668
565
535
802
145
113
108
355
697
571
502
423
474
534
300
623
609
711
805
957
669
72
409
826
694
329
404
404
347
290
560
518
840
259
173
233
344
188
688
553
245
784
958
442
553
540
323
49
583
974
395
927
859
712
211
960
227
476
109
698
737
650
919
169
518
676
399
375
12
274
397
417
32
233
261
932
970
807
263
54
890
834
941
34
265
62
72
123
57
421
799
777
810
352
846
657
226
20
599
207
680
56
423
415
958
595
631
282
80
10
277
283
517
143
367
152
577
85
524
30
484
328
119
350
307
409
304
852
473
223
233
726
689
82
698
153
179
440
217
78
17
666
778
116
396
209
134
455
104
50
355
911
592
817
952
59
496
369
443
132
189
369
649
222
931
370
802
121
683
926
278
278
958
491
904
781
347
116
989
747
105
16
25
264
146
692
535
903
796
459
50
406
164
662
516
653
281
703
762
372
195
15
267
677
206
320
356
841
871
740
841
894
729
860
793
734
908
117
319
435
580
388
576
822
417
298
6
719
856
427
664
118
189
472
403
496
523
821
834
773
610
877
109
902
204
729
425
525
564
583
244
189
915
775
739
719
384
121
354
494
772
426
335
475
407
742
331
786
914
175
430
325
962
939
790
319
813
36
435
296
285
105
707
303
966
593
573
799
638
183
60
312
80
538
178
22
588
892
974
615
95
546
979
21
410
186
759
635
593
696
509
125
971
364
103
648
153
69
179
880
653
441
112
656
745
68
398
508
72
93
936
947
101
521
775
96
894
343
676
784
164
386
849
534
490
445
436
857
968
472
865
359
579
465
668
843
906
654
536
481
143
575
582
115
761
344
885
636
314
100
834
273
410
453
660
591
815
296
431
176
790
302
683
776
643
716
345
123
128
276
394
193
294
404
419
241
374
173
16
323
122
838
364
250
518
198
266
486
932
49
948
904
768
546
253
374
968
406
277
278
343
313
929
656
712
394
220
300
425
953
214
154
939
753
926
728
812
161
231
350
7
260
197
533
641
216
203
606
569
460
363
168
259
114
585
801
208
188
980
949
558
443
929
820
16
794
109
734
834
721
655
730
483
653
729
380
334
245
673
852
559
712
504
939
39
138
70
257
260
61
375
362
712
12
982
239
668
651
421
160
674
298
62
607
972
193
281
72
547
141
491
788
439
671
279
29
336
430
155
412
783
779
58
886
341
259
657
621
205
617
584
946
152
441
984
889
326
306
99
477
651
931
932
226
6
350
436
281
185
905
750
854
245
937
688
525
486
569
462
819
527
33
669
369
9
994
968
971
69
381
187
375
644
995
818
753
622
471
700
803
367
672
754
858
531
771
918
188
426
253
601
621
980
765
629
792
769
448
636
778
845
470
371
739
159
298
119
622
421
344
386
888
574
870
778
29
11
565
759
878
987
105
646
726
665
579
742
396
788
544
678
459
227
618
130
404
27
156
144
733
270
403
115
891
98
80
707
507
371
947
143
415
486
705
865
564
811
717
692
959
917
589
332
151
298
987
401
830
106
404
346
330
21
830
314
488
622
418
770
920
878
712
331
747
470
394
917
545
5
601
841
623
241
28
256
933
486
23
926
70
792
47
775
976
63
187
892
172
478
383
745
848
520
74
750
327
896
567
152
810
331
513
516
351
356
840
479
368
931
352
221
583
867
360
36
357
206
320
460
66
416
155
501
846
773
380
37
62
816
525
452
594
361
979
278
316
793
134
509
643
749
428
313
93
877
532
645
355
400
144
190
870
478
347
738
871
345
722
211
700
625
824
151
959
219
258
53
856
693
809
862
555
776
557
878
996
179
238
605
255
440
230
591
644
749
739
284
319
849
960
644
494
752
883
955
139
797
529
949
489
195
118
238
780
561
321
896
161
32
275
210
460
730
880
898
849
208
470
895
2
559
930
629
870
681
691
957
683
820
774
920
899
449
520
225
161
595
138
780
927
817
774
111
560
42
265
811
40
692
793
847
555
881
773
625
51
231
283
233
195
282
708
197
272
745
100
115
952
329
54
950
610
82
12
559
389
212
484
663
765
781
647
31
895
658
147
405
894
471
504
819
230
445
287
189
86
439
741
79
643
841
192
65
39
766
209
160
496
300
287
930
764
270
908
717
10
62
809
988
637
829
837
871
674
976
802
110
712
480
32
107
103
279
611
353
0
18
32
660
957
519
685
302
130
148
926
235
544
345
779
474
155
540
686
905
321
815
307
724
234
424
649
761
487
845
949
467
780
777
869
384
887
440
362
441
250
339
798
391
957
280
629
260
876
1
913
221
312
543
573
914
849
467
339
942
217
496
697
802
492
897
621
465
11
675
626
359
936
486
819
963
660
981
900
150
52
399
575
110
643
298
732
740
896
964
274
527
23
189
618
866
214
196
20
825
278
260
857
835
225
842
654
948
546
438
338
906
496
900
823
194
285
726
508
735
51
96
707
950
118
711
974
520
669
294
133
333
121
383
498
633
952
563
526
582
787
294
972
294
731
626
803
595
867
710
961
614
743
946
50
672
26
714
840
336
5
212
85
985
131
168
11
286
817
572
237
877
323
745
6
726
330
213
959
839
961
134
695
173
319
671
794
993
591
218
628
348
258
82
495
200
119
692
439
973
464
186
311
941
326
355
141
173
943
386
648
288
155
490
762
433
791
563
672
101
296
131
886
42
537
756
671
336
128
53
458
787
106
544
409
274
351
24
123
799
464
453
601
11
453
694
846
541
739
833
895
895
410
778
834
390
429
469
99
476
907
793
689
275
754
212
663
88
115
357
374
913
64
954
599
780
570
622
919
110
496
14
932
677
497
849
52
995
426
570
508
439
372
547
726
129
700
232
644
250
254
477
488
470
828
860
342
607
375
151
49
959
617
190
178
202
289
366
792
757
277
839
249
551
478
215
310
98
13
408
844
310
875
59
223
123
967
0
881
304
944
340
624
813
802
956
998
25
150
708
442
713
1
983
699
790
326
258
877
97
816
521
492
494
520
405
189
299
813
737
605
227
689
104
320
475
103
398
475
311
27
951
670
506
650
263
817
57
249
94
231
195
641
639
824
383
23
262
904
530
210
45
781
212
526
865
598
69
821
85
70
889
53
683
16
389
453
754
189
356
200
265
840
683
620
14
155
262
309
915
378
629
979
365
245
526
634
387
476
224
799
968
394
233
984
420
812
853
516
981
515
203
954
950
789
246
694
905
1
789
694
910
177
535
906
872
410
423
258
240
655
503
298
113
892
164
48
447
606
790
733
484
192
546
946
232
520
694
602
509
536
761
45
405
664
124
558
808
8
353
634
813
155
430
320
636
936
190
760
70
210
229
964
626
79
965
755
318
830
914
300
701
313
78
864
442
250
153
272
450
210
433
13
295
301
170
519
63
529
491
613
839
548
949
235
469
725
680
522
377
3
203
273
943
931
912
345
147
413
994
686
169
837
980
817
497
927
799
610
588
723
791
787
173
185
434
928
582
14
839
11
814
196
759
988
236
191
970
365
75
484
858
963
930
476
532
344
303
878
880
550
535
51
405
214
716
411
241
862
988
621
317
777
698
555
682
769
475
260
666
23
551
323
517
27
705
212
6
391
365
783
577
37
238
853
459
538
641
735
406
834
33
303
504
802
183
350
119
516
910
732
195
829
625
117
455
915
42
449
334
538
423
524
182
373
475
140
700
610
486
858
436
534
42
231
74
184
827
239
162
434
66
283
240
609
967
952
685
126
16
693
175
988
706
419
124
290
802
245
891
291
249
990
303
792
146
977
568
288
593
276
192
494
354
886
111
712
723
559
827
448
447
903
527
547
176
606
687
246
200
651
509
433
836
552
412
436
758
267
15
838
381
31
660
484
91
952
202
174
427
302
852
21
333
969
49
217
455
203
913
535
497
667
959
464
293
381
46
68
354
654
889
757
860
286
746
329
497
750
726
286
2
177
204
282
188
823
232
163
474
500
873
16
761
632
147
971
447
495
737
286
9
272
883
722
40
787
511
231
631
804
231
374
924
988
415
906
128
982
346
532
917
983
512
198
523
263
230
607
343
732
578
397
600
981
545
49
455
444
678
260
75
989
385
728
541
115
323
113
103
466
217
586
452
95
468
4
732
475
308
272
135
398
748
878
939
697
542
942
724
364
156
404
726
837
792
697
82
290
17
28
43
454
443
559
580
231
409
941
608
753
753
858
253
739
284
683
149
886
392
485
723
198
892
953
463
241
424
581
582
965
879
157
393
207
82
256
439
205
794
792
450
52
785
809
907
253
357
58
755
187
514
49
440
816
411
657
24
789
253
383
796
744
568
875
500
184
187
193
363
620
523
918
999
785
511
760
151
698
315
143
417
18
399
168
599
685
444
887
773
20
274
372
90
703
505
255
977
781
58
710
963
144
424
285
986
691
145
940
412
885
11
556
786
487
997
155
692
697
131
776
972
667
141
848
491
479
973
439
571
100
683
394
555
748
854
688
592
255
569
593
630
457
0
767
547
55
134
681
60
127
485
239
807
349
944
959
948
890
992
182
824
846
962
178
191
310
545
972
501
545
325
163
874
876
975
675
40
262
287
789
154
669
549
488
290
367
145
781
935
925
167
40
770
274
762
466
475
545
228
883
101
596
55
317
258
913
531
756
660
975
981
866
18
966
936
743
267
484
58
557
154
76
317
985
133
617
761
622
708
993
843
211
691
628
724
157
884
468
57
999
492
758
162
773
544
94
465
9
580
329
784
36
911
276
127
358
975
962
353
673
108
762
651
544
892
159
888
133
891
544
900
695
420
648
987
154
536
489
956
993
353
673
399
318
20
183
112
66
897
86
816
560
537
80
391
620
427
478
383
42
234
547
472
320
175
513
932
317
774
763
406
683
80
273
883
559
324
74
789
434
458
388
184
287
830
903
291
773
797
735
181
487
8
32
522
863
754
764
312
705
607
80
90
883
338
53
72
187
259
82
977
40
852
838
622
226
743
683
12
478
270
902
902
658
702
75
397
55
528
190
597
715
413
252
757
238
342
736
178
157
286
145
712
874
396
256
567
549
456
896
661
251
481
766
846
573
257
968
477
644
782
714
662
623
190
675
914
31
38
286
741
242
55
796
775
699
214
495
765
515
278
674
987
49
283
220
385
53
758
251
247
810
720
109
78
209
5
593
629
362
223
628
908
894
396
64
289
328
253
63
277
721
963
549
825
899
904
979
466
453
560
296
478
846
474
338
35
973
870
890
651
804
621
286
93
844
976
615
474
996
158
363
186
667
53
245
244
813
132
840
239
475
10
763
519
810
823
206
543
214
246
746
167
136
27
951
546
338
359
263
639
219
468
783
514
581
599
46
647
268
274
478
730
681
122
256
581
101
156
284
503
705
607
6
54
154
494
971
665
690
165
410
564
825
380
696
432
803
613
156
998
498
902
266
944
796
260
75
837
400
956
497
759
762
535
40
3
670
969
119
676
481
30
214
475
691
482
306
608
0
427
172
526
197
798
856
478
712
186
888
570
953
181
280
139
669
977
453
138
121
642
167
536
835
78
278
363
187
754
760
277
665
845
120
250
249
196
610
734
977
650
907
968
699
344
102
359
149
32
929
976
126
554
910
729
219
674
821
285
928
135
999
500
258
376
389
526
512
940
863
717
586
102
504
548
434
668
559
799
600
507
385
592
601
632
889
459
335
261
329
375
795
358
386
202
687
607
984
415
832
68
17
127
609
956
404
345
411
875
886
551
552
331
559
767
879
510
963
802
985
371
725
373
458
514
318
337
507
197
483
881
908
110
884
679
520
199
777
500
977
698
471
283
953
573
744
928
970
241
769
602
926
200
565
665
112
312
206
550
555
72
939
647
281
534
701
83
611
915
620
256
120
36
63
670
497
38
289
551
601
988
198
918
753
96
572
106
761
236
847
957
851
988
869
349
234
794
840
774
464
444
274
57
108
174
274
54
482
320
548
825
325
173
111
388
304
927
784
89
786
633
572
714
159
187
419
231
571
804
552
827
545
927
629
948
626
4
611
365
658
161
839
641
12
325
496
262
261
770
740
892
46
820
378
417
931
730
115
546
736
608
890
168
819
486
722
532
653
897
919
816
482
84
484
460
281
211
139
122
629
995
932
847
105
297
725
934
978
430
591
794
86
900
641
63
538
967
182
886
601
346
49
915
905
389
993
725
432
65
583
618
484
752
188
252
567
740
832
364
641
290
965
721
279
73
754
805
226
437
835
213
139
547
478
355
546
137
16
209
93
876
990
947
517
364
240
890
365
160
239
249
444
553
727
462
234
310
704
678
718
412
990
29
566
344
673
2
112
538
159
739
357
951
244
481
566
363
300
562
158
321
511
679
487
722
387
666
360
77
592
575
692
736
580
515
934
284
239
989
688
230
568
967
931
231
22
0
593
794
988
890
446
901
260
828
621
414
820
651
679
603
477
786
374
182
512
970
663
163
515
791
494
952
249
466
835
424
384
676
939
555
860
302
794
326
497
970
419
554
829
21
202
180
500
443
264
168
237
511
718
203
66
998
278
516
693
271
114
181
693
601
79
556
936
937
4
528
530
686
629
291
828
707
77
491
592
544
448
684
345
37
54
654
455
941
883
886
175
994
627
27
354
883
427
664
532
31
411
969
724
92
719
163
92
545
949
605
270
508
688
789
198
497
147
520
23
791
930
674
133
440
970
398
986
118
345
58
796
917
576
331
99
248
853
488
768
507
188
509
553
434
230
375
954
253
330
47
245
746
191
972
498
141
292
841
602
837
374
849
196
814
1
322
554
470
362
933
350
414
881
256
302
896
788
230
792
456
613
93
150
504
318
545
522
283
195
737
221
38
262
326
248
686
945
964
526
890
299
126
193
230
789
482
697
256
782
342
595
915
675
926
206
782
914
540
41
377
525
66
64
979
93
374
13
906
492
571
26
440
780
104
909
262
430
55
597
48
818
44
17
396
917
423
672
400
481
137
155
304
182
455
550
713
926
798
533
93
662
283
707
971
817
381
694
890
959
858
343
170
698
338
45
783
401
108
72
475
69
196
123
838
592
869
692
532
54
224
229
116
780
881
604
153
237
811
696
887
628
720
138
91
507
830
787
935
554
473
540
945
627
841
31
934
257
984
941
904
249
690
290
506
353
849
314
260
38
285
559
576
113
348
282
871
705
131
462
72
340
81
813
206
518
916
242
317
964
499
430
273
219
799
718
612
674
135
257
634
878
54
247
641
595
819
412
594
992
165
780
623
619
433
169
376
860
154
344
678
190
731
610
291
335
916
30
420
57
286
444
733
417
549
508
351
821
201
108
216
595
65
648
527
556
5
356
418
735
917
941
446
930
308
398
82
699
523
311
809
212
267
319
210
277
211
618
853
460
193
917
173
679
497
326
540
570
656
161
200
44
419
45
704
548
33
14
658
121
321
803
757
950
314
175
877
4
541
117
888
10
553
876
108
712
291
674
291
153
87
581
949
359
159
908
272
168
447
861
998
558
899
216
60
28
638
160
98
612
992
249
683
725
826
852
659
658
249
376
152
950
957
859
750
875
781
159
811
731
721
919
116
461
28
784
642
921
580
749
965
359
582
730
675
904
635
498
708
648
97
668
45
924
55
112
904
374
746
968
212
535
549
825
486
764
296
121
900
137
87
810
10
329
261
404
835
960
742
857
645
144
190
98
481
327
425
895
749
162
992
524
368
506
957
463
114
597
251
821
645
112
812
300
940
384
392
467
583
520
895
694
496
556
20
270
813
924
951
301
114
548
605
759
450
0
61
836
18
349
289
82
378
587
423
863
913
606
580
100
124
44
348
773
714
897
768
492
87
493
844
574
635
719
651
693
639
516
266
805
947
176
463
202
918
676
588
510
51
184
267
849
901
256
735
505
543
130
292
297
163
296
885
437
292
81
656
555
769
362
400
861
217
889
863
211
718
314
822
518
112
786
194
479
775
385
157
958
219
661
302
159
11
929
29
294
465
476
783
979
839
982
963
9
184
429
335
968
13
438
306
218
322
16
702
979
20
682
97
769
866
284
481
259
597
730
601
494
910
573
133
410
426
716
54
740
268
601
170
389
823
966
675
359
774
309
58
215
459
639
712
525
336
700
89
273
37
177
21
57
606
896
140
341
456
393
894
411
297
726
76
909
497
581
670
248
64
318
338
808
998
596
437
56
817
657
170
613
934
993
357
634
527
553
106
454
453
240
670
361
474
883
369
366
878
287
815
578
949
383
754
707
361
342
430
131
608
6
176
996
700
135
356
413
163
963
825
259
372
38
387
491
21
979
549
3
243
321
601
384
710
492
462
330
768
640
381
76
907
225
960
808
404
733
766
367
496
803
983
270
465
237
929
228
253
593
509
712
507
118
649
223
970
977
819
955
208
918
998
439
996
420
180
214
433
545
377
92
904
21
663
37
297
563
939
657
165
314
548
993
330
234
539
187
964
401
835
720
181
885
271
735
377
524
730
243
968
375
751
287
520
829
677
10
327
396
806
517
218
762
541
794
13
249
450
950
784
129
660
639
50
488
746
329
76
252
53
425
748
521
277
533
396
582
534
611
887
578
870
293
976
364
214
182
991
752
827
439
753
437
257
114
331
915
651
312
546
786
817
606
298
445
910
353
128
62
108
546
542
659
271
765
892
750
971
83
309
602
314
392
341
713
702
167
52
938
567
593
967
696
314
412
852
862
343
280
872
103
789
917
544
794
540
424
944
298
606
308
98
499
899
733
798
384
271
113
530
594
290
151
911
339
453
953
449
705
348
797
760
334
900
166
447
307
73
43
73
437
748
133
35
256
33
844
41
455
665
171
625
910
712
615
470
863
940
895
658
400
768
693
892
206
949
283
697
451
236
529
930
98
938
803
42
187
72
150
203
658
262
195
412
914
484
612
208
327
357
460
429
537
816
587
360
725
876
847
666
61
919
638
313
143
155
296
606
451
526
697
14
101
756
492
983
451
291
891
57
313
179
978
630
440
776
516
567
285
997
566
549
581
511
735
505
422
619
433
232
609
677
257
439
108
278
585
70
108
608
232
796
823
762
199
400
15
715
452
695
155
356
67
886
279
783
592
469
756
758
114
806
91
481
953
618
794
608
792
335
473
537
942
183
30
206
734
559
980
902
62
162
658
254
420
770
368
836
108
547
181
376
855
148
116
615
726
762
372
6
900
939
798
303
145
548
370
827
546
656
58
116
574
125
56
590
372
140
483
554
552
349
773
173
740
829
976
315
883
957
358
348
665
736
528
137
894
808
70
582
825
590
37
243
361
788
887
88
615
65
69
228
719
400
855
410
966
125
435
961
805
430
804
71
299
625
698
33
833
296
735
81
190
413
674
237
795
987
492
280
305
700
896
231
190
441
896
146
39
169
778
748
367
264
673
769
534
747
144
668
629
886
713
154
805
522
284
22
767
534
459
426
422
401
66
670
817
66
732
49
980
532
272
457
54
881
355
128
734
737
639
613
366
7
816
476
66
208
295
580
74
945
600
434
34
941
30
335
234
32
311
891
826
602
42
772
734
771
964
519
119
407
73
753
889
351
232
563
377
308
840
552
927
280
38
533
753
99
505
916
904
359
988
20
723
264
650
528
993
835
377
450
741
954
684
892
274
354
972
891
781
913
842
345
218
551
643
773
575
656
349
633
357
466
697
648
852
554
94
162
214
437
757
741
276
478
508
26
844
83
978
617
460
884
905
33
969
705
865
48
784
535
872
732
845
95
328
988
66
914
745
605
719
301
574
789
216
437
692
342
316
304
403
367
489
312
289
989
173
420
868
345
592
388
438
726
29
441
734
146
167
246
168
271
960
183
998
796
581
477
391
700
77
484
214
803
872
785
911
689
893
578
474
292
267
52
513
526
825
371
718
704
801
738
294
73
374
439
90
672
271
962
596
26
116
682
606
488
373
532
445
456
626
857
389
814
981
90
135
950
588
675
646
329
330
953
487
306
677
497
181
76
346
807
220
178
324
199
86
66
380
916
978
983
987
235
442
721
866
787
923
827
514
867
504
905
200
591
599
308
184
801
581
20
594
560
853
961
578
528
683
381
161
853
751
25
418
669
973
955
959
762
234
785
265
144
769
700
245
209
859
60
164
194
236
844
28
370
586
682
586
879
273
325
857
820
706
691
691
803
818
166
54
219
550
971
914
950
133
399
767
722
581
501
564
426
15
392
722
424
791
258
583
721
220
687
974
669
934
553
619
617
693
8
524
691
85
878
427
873
31
876
497
647
588
605
773
147
890
989
121
407
633
333
797
426
783
430
45
443
343
239
485
691
985
60
325
61
915
517
400
917
332
489
270
291
737
581
866
91
145
190
37
777
931
70
873
334
415
973
10
58
874
904
878
589
483
407
910
622
714
685
84
46
232
401
356
682
2
196
72
924
783
278
987
941
593
426
7
225
192
258
297
222
402
592
930
802
327
851
865
577
528
58
276
864
959
776
318
985
826
452
370
339
313
779
53
605
215
93
690
670
894
289
335
276
843
717
916
688
376
302
220
762
416
672
595
863
165
770
704
467
725
850
829
284
787
232
977
549
954
866
870
923
93
740
518
920
57
777
785
441
620
810
881
166
486
754
110
694
109
220
918
605
8
849
908
907
401
410
993
937
453
742
72
795
608
640
683
157
193
905
692
531
941
61
221
833
991
717
465
531
13
184
155
218
790
718
204
52
815
667
787
278
933
676
116
425
676
890
371
591
942
296
817
704
872
458
557
45
270
20
759
984
143
4
877
614
947
941
920
522
624
625
601
576
668
186
21
394
709
429
720
770
716
707
133
861
520
85
940
544
55
140
468
762
888
987
103
822
787
489
909
787
609
687
297
538
760
906
400
259
247
245
103
291
608
414
100
206
75
955
509
598
215
297
117
350
507
425
189
901
827
119
663
210
134
592
437
384
180
640
976
838
149
862
965
6
861
956
425
263
667
310
382
530
265
398
510
14
165
890
723
456
990
939
465
722
619
346
211
190
629
665
2
688
684
780
524
878
959
810
641
4
685
756
153
104
81
800
434
487
995
746
253
42
984
832
735
265
107
697
677
241
669
929
505
861
616
43
42
351
562
252
560
361
797
608
364
237
747
819
93
973
495
702
839
663
790
507
294
721
724
879
665
973
210
212
266
905
781
816
353
774
131
685
912
498
199
70
98
748
644
114
124
828
149
40
437
700
42
976
466
679
816
802
122
573
728
309
848
96
607
973
319
406
397
514
856
355
446
170
894
441
743
826
3
327
251
614
403
92
643
26
806
631
579
772
44
765
721
753
600
21
825
112
727
59
44
535
898
767
399
688
982
225
552
583
669
644
179
979
829
308
18
126
559
293
483
203
578
658
915
443
542
990
240
868
276
378
773
223
282
692
158
676
637
264
971
908
135
613
778
107
296
807
333
360
904
125
818
634
170
775
265
113
205
733
872
654
964
414
218
135
797
116
111
731
47
928
37
558
548
824
4
258
270
290
39
51
62
155
645
421
287
448
23
108
433
400
509
520
138
124
314
851
151
428
862
208
768
560
393
201
57
623
668
765
164
496
92
828
356
874
920
633
133
42
426
307
951
785
43
511
361
215
798
790
11
416
678
135
739
81
539
728
313
264
344
398
278
29
920
951
783
328
719
440
832
648
605
48
131
445
213
552
951
283
580
925
965
76
932
476
614
1
104
800
129
317
122
707
809
606
928
855
74
864
238
240
60
447
844
88
880
512
728
102
375
469
839
844
202
644
836
627
868
396
651
541
348
115
831
751
559
102
711
313
82
189
592
859
149
706
172
742
490
926
736
309
101
569
923
582
942
548
690
80
281
756
216
58
127
814
755
878
845
729
738
217
954
92
690
551
527
37
112
639
198
131
304
337
589
737
508
400
516
936
665
856
33
624
915
4
413
594
625
772
104
828
387
274
871
762
16
664
798
477
196
199
944
891
862
118
211
948
383
269
329
12
750
509
168
393
633
71
131
427
486
541
858
618
48
681
37
65
669
96
342
158
44
298
11
402
572
648
427
75
199
363
816
947
693
965
194
909
893
230
693
164
407
262
280
976
276
297
471
134
727
900
259
226
373
195
164
340
263
820
128
52
608
307
102
771
586
459
827
216
755
206
790
771
117
265
55
577
956
263
817
317
856
145
889
7
698
831
198
500
291
205
240
2
903
628
782
606
617
11
688
348
488
819
698
114
519
52
297
194
635
359
840
618
605
681
972
873
615
777
806
320
603
207
6
722
447
120
517
2
701
122
139
568
23
656
974
439
95
130
76
526
749
101
288
672
242
882
384
947
704
222
503
98
740
982
607
511
556
948
158
369
635
122
617
869
188
226
550
916
27
775
227
185
134
748
260
693
970
223
457
225
730
554
462
991
443
670
869
110
579
379
870
992
775
625
862
585
611
900
221
470
621
832
233
456
963
529
721
412
586
189
692
824
576
424
55
764
785
987
477
450
774
355
840
611
941
569
694
320
865
507
352
681
737
79
940
262
22
831
34
344
678
374
587
643
535
261
469
11
573
706
107
639
579
413
633
462
256
848
230
917
281
731
858
906
829
234
494
912
534
427
179
591
506
503
163
159
513
781
220
625
313
861
355
874
134
440
245
413
637
513
752
172
191
736
352
939
787
219
605
401
84
33
698
419
426
997
120
95
116
763
737
362
747
258
817
582
489
6
983
36
736
337
617
761
360
189
973
136
480
776
844
85
974
533
128
329
49
267
871
295
827
548
248
777
717
924
682
496
82
12
811
422
293
954
166
785
967
159
790
671
432
44
151
673
271
370
900
901
485
749
210
348
123
316
388
268
779
639
640
547
940
149
462
217
368
882
369
712
64
409
70
523
263
316
145
120
811
253
528
419
776
959
271
57
982
734
409
886
859
8
368
803
988
198
716
759
740
243
783
937
7
976
530
567
920
522
936
719
839
897
728
743
422
749
112
906
442
335
756
554
159
937
454
525
605
315
744
502
654
427
941
208
9
736
101
681
305
355
327
921
126
803
913
789
341
180
75
780
435
907
353
118
789
328
767
148
579
223
31
56
858
213
581
554
593
197
436
531
996
196
42
354
564
535
766
313
663
590
754
619
19
77
851
324
326
279
453
613
850
272
300
882
452
717
253
722
299
450
763
275
653
600
69
687
869
792
204
119
865
697
219
794
904
802
831
809
121
28
790
691
814
39
668
240
736
216
768
476
292
883
533
459
298
427
60
275
942
579
7
994
495
720
736
845
765
341
832
849
457
10
308
178
660
995
154
318
289
672
953
221
918
54
238
664
669
529
459
307
282
996
834
240
933
407
671
216
743
308
523
633
281
342
829
143
911
926
123
104
388
371
502
961
879
725
499
870
43
542
614
434
525
702
969
515
638
330
370
184
441
328
699
427
862
666
715
757
764
900
26
474
133
972
649
586
347
717
80
337
328
71
561
252
980
6
857
632
136
966
279
729
919
600
885
83
708
308
572
409
573
707
428
152
799
487
232
614
932
217
360
621
952
142
328
918
169
400
142
723
837
917
393
470
853
54
244
439
654
494
146
398
80
581
92
421
184
144
998
601
664
494
71
325
679
889
191
907
251
535
667
240
305
165
292
435
671
247
909
530
978
350
43
448
249
710
831
343
2
835
999
486
922
0
803
303
104
19
114
560
675
352
629
91
602
697
699
429
802
791
564
687
618
199
809
972
378
564
528
496
578
732
54
785
511
594
933
814
80
992
717
936
967
239
335
848
474
333
492
807
673
577
388
116
131
877
778
334
241
217
276
934
996
784
833
711
746
273
339
77
931
748
21
231
562
399
62
611
279
229
122
389
105
362
777
627
696
229
281
512
841
929
983
419
243
562
595
323
199
73
417
81
836
196
660
26
704
493
333
720
690
405
489
780
692
845
848
338
615
385
266
344
86
297
796
172
413
158
480
482
234
309
507
951
9
434
639
629
645
189
777
827
258
122
285
823
472
647
181
875
746
103
640
234
549
485
239
789
188
24
588
311
256
274
131
937
500
556
554
602
422
450
165
743
42
334
674
819
41
540
347
771
494
473
777
201
785
33
278
426
853
100
547
574
508
284
144
844
874
717
186
799
526
865
494
257
981
127
612
579
305
463
382
974
439
877
224
753
630
912
330
623
475
814
41
212
66
702
460
132
439
601
137
224
930
173
911
6
760
336
687
835
174
22
228
880
513
534
41
687
113
231
625
408
724
795
178
436
662
669
883
933
934
692
28
696
44
188
725
200
863
909
7
192
395
538
926
669
303
889
640
582
805
762
207
673
338
157
298
283
477
340
506
915
964
643
736
235
218
744
684
764
957
234
256
782
388
946
738
513
182
888
249
594
622
708
55
365
754
914
381
188
2
241
380
889
461
504
295
230
999
861
686
382
824
76
742
55
246
456
12
495
394
745
288
168
416
834
142
898
680
957
359
555
969
886
6
437
21
593
279
340
808
696
586
434
962
421
429
41
60
785
967
237
319
646
849
636
776
647
79
834
711
810
748
645
903
647
148
162
384
385
522
650
672
69
10
180
152
827
201
736
602
976
888
341
401
301
608
328
856
296
167
795
365
846
408
677
847
1
985
19
785
283
750
963
667
8
459
792
286
785
294
199
277
426
635
309
603
729
785
155
831
353
921
767
684
139
975
384
701
832
610
573
46
70
493
123
421
924
944
210
743
995
296
138
591
99
450
751
714
775
776
350
662
830
354
155
489
271
254
129
229
432
786
381
289
219
781
111
619
174
957
789
617
141
36
310
382
462
500
832
994
793
705
567
91
674
438
995
975
580
631
588
308
892
941
541
582
311
361
586
31
233
648
367
198
627
444
294
726
448
699
364
134
540
424
545
169
386
376
923
252
256
327
886
901
673
17
786
787
15
988
560
144
146
66
226
130
634
421
439
841
373
979
15
820
181
489
601
20
985
948
535
562
582
146
50
460
618
119
792
450
878
604
446
839
477
401
779
827
909
803
236
629
216
329
45
582
367
104
346
433
692
311
259
406
723
709
813
702
557
406
451
560
680
628
192
906
702
169
447
196
47
499
105
366
286
785
986
609
974
170
801
267
495
685
986
164
609
650
138
509
827
935
406
569
833
87
369
548
344
430
192
984
454
671
75
510
131
902
498
977
206
593
569
118
246
385
90
432
422
894
797
88
859
809
511
753
581
163
645
841
903
570
483
620
29
445
701
195
226
12
632
1
411
634
702
246
996
447
549
229
60
894
267
552
727
461
769
843
8
379
448
478
881
692
332
892
113
599
347
304
520
312
218
311
730
586
37
424
397
188
1
88
25
292
320
643
652
298
199
52
495
395
831
694
240
446
871
771
876
490
706
49
569
550
298
221
525
187
513
751
47
876
8
773
936
558
342
932
125
186
374
72
924
447
62
373
913
180
63
150
788
315
918
83
992
137
638
816
762
602
79
559
4
114
495
8
293
630
411
983
735
993
43
59
101
203
472
391
559
595
434
650
931
949
986
993
298
102
392
51
628
908
354
413
849
43
514
892
693
354
163
64
974
116
312
593
917
99
681
953
607
534
98
984
119
667
146
615
490
872
197
212
287
435
806
956
801
826
117
551
986
461
401
220
573
327
922
677
208
499
781
702
789
810
461
943
899
259
178
801
342
12
257
725
175
149
816
616
897
380
804
131
434
746
985
598
994
389
541
716
643
743
841
10
476
755
157
682
372
15
319
708
152
565
312
995
297
116
659
693
525
36
891
852
856
447
456
211
86
402
981
770
424
851
425
378
697
156
16
868
716
245
117
3
60
816
958
946
135
366
436
952
496
207
102
464
776
695
49
821
152
731
550
547
733
171
728
432
768
106
912
314
585
648
943
538
719
712
383
806
87
133
102
4
759
96
968
689
678
749
985
730
874
28
268
322
148
851
730
451
732
512
346
344
37
283
745
830
293
946
975
786
860
439
670
605
126
540
511
141
678
791
314
701
56
416
866
597
123
383
20
772
234
298
618
945
454
812
400
113
634
938
825
651
874
983
287
872
640
895
485
350
476
784
819
603
832
956
118
622
829
971
873
793
606
30
612
67
287
382
63
618
81
51
867
885
445
384
893
927
130
628
448
544
429
124
574
302
964
787
778
722
831
491
709
853
107
517
588
992
548
789
714
890
679
897
607
396
265
208
572
657
472
383
442
81
84
134
383
757
88
386
972
244
779
107
861
588
662
502
877
213
618
877
462
47
239
873
738
227
371
90
906
55
261
805
152
211
301
52
954
465
290
740
430
674
103
184
12
698
283
130
997
85
307
506
630
948
190
487
753
104
997
482
128
223
846
538
382
27
76
377
404
415
612
30
285
62
845
204
247
364
341
288
606
222
133
336
551
13
848
806
78
517
333
611
700
252
246
689
648
165
357
137
505
44
202
131
661
749
75
988
65
781
529
890
830
722
546
842
660
486
121
626
814
462
694
3
569
330
603
414
746
613
564
280
611
739
210
496
762
754
516
325
231
346
314
564
831
142
376
430
425
636
60
833
101
425
116
677
196
109
158
263
432
758
342
738
281
9
901
617
224
867
156
321
364
365
494
819
158
302
874
607
339
586
181
588
87
896
315
277
680
402
718
989
78
246
717
99
564
489
370
880
851
642
304
805
956
308
126
722
824
478
29
666
798
717
410
666
63
89
896
863
186
604
45
247
903
831
255
823
698
615
35
348
263
804
690
926
524
282
33
182
615
841
723
425
988
415
789
12
315
758
445
223
581
279
976
982
553
581
263
546
175
839
29
511
447
965
80
150
87
404
505
91
144
116
922
73
907
862
43
809
430
643
584
977
781
880
587
305
230
134
417
40
445
566
564
693
945
337
277
987
9
101
99
308
959
947
940
534
847
165
919
946
731
78
676
425
327
218
905
225
11
644
834
966
715
166
939
476
863
3
341
359
167
897
179
917
727
242
855
468
419
121
606
518
359
81
309
539
998
833
847
701
661
204
924
758
714
422
239
645
62
704
260
152
13
780
540
972
502
652
942
207
123
493
876
854
583
881
551
531
198
170
752
719
550
26
757
477
568
447
315
950
411
772
254
593
485
459
307
506
815
847
141
619
564
637
300
801
53
370
343
565
676
15
457
867
803
18
423
847
937
639
701
363
192
875
816
877
654
905
571
397
261
565
481
965
433
925
435
721
350
56
239
565
420
142
358
358
600
775
520
32
304
809
270
327
546
617
564
26
609
26
233
81
213
171
596
327
159
402
245
386
710
190
589
759
480
339
491
235
169
743
915
661
489
985
429
519
229
241
432
811
92
922
937
169
612
524
28
926
433
479
733
825
745
137
652
208
383
528
307
927
529
420
629
568
8
403
44
886
517
544
647
451
667
30
334
394
996
222
908
471
515
736
760
362
51
117
152
770
402
211
466
742
222
811
240
991
307
220
664
313
261
298
653
312
440
553
261
111
914
579
16
444
546
537
178
544
807
118
533
578
487
823
566
3
195
439
354
700
483
599
964
451
443
475
54
493
409
23
242
765
754
856
452
915
449
623
798
559
155
184
295
372
938
417
105
779
859
198
701
404
6
985
590
937
282
574
790
478
514
445
497
912
936
521
692
334
548
997
921
485
26
54
162
397
189
76
520
361
532
706
63
404
751
860
391
70
141
864
690
87
22
382
629
922
600
177
837
970
256
607
103
19
103
997
723
327
7
724
510
817
224
968
843
846
787
654
22
471
642
781
549
723
866
870
930
882
6
278
185
332
585
618
187
759
15
937
213
888
665
245
784
760
468
131
741
720
133
819
909
960
267
425
826
576
656
865
198
402
301
274
894
942
194
9
170
957
287
422
236
906
657
587
746
890
956
489
730
796
969
645
769
468
829
568
799
929
303
388
219
870
371
738
183
94
631
992
680
408
353
887
980
762
387
771
359
586
748
988
604
720
116
90
501
7
76
869
808
610
416
386
590
27
274
553
696
303
684
291
584
645
282
170
721
869
274
936
788
741
0
41
361
991
666
501
142
374
860
549
847
607
505
887
274
325
360
909
933
348
871
831
679
439
782
201
767
5
962
351
973
342
964
28
684
36
773
354
160
781
41
212
537
172
718
744
12
23
23
360
427
763
977
103
392
315
337
8
635
168
935
402
333
482
212
209
425
701
364
782
494
999
767
182
619
277
314
608
64
493
324
159
340
143
96
647
568
77
687
957
888
33
478
791
57
525
963
275
324
301
400
108
885
377
26
286
64
542
801
979
857
429
363
374
166
387
767
228
323
47
307
178
578
43
507
226
221
162
399
367
481
743
903
104
665
646
925
618
348
588
279
61
620
664
976
664
84
637
907
217
925
920
955
301
925
244
929
205
972
997
594
673
884
497
996
566
821
786
894
220
891
209
914
227
509
388
799
163
290
24
439
690
745
610
25
423
485
551
284
14
123
651
106
549
2
878
588
723
822
219
367
456
753
34
667
936
127
77
100
121
708
880
231
843
700
833
331
575
910
711
321
688
750
575
345
759
766
578
898
186
840
922
398
476
682
707
648
136
543
870
403
591
486
649
512
881
889
930
523
936
844
298
91
767
88
391
68
106
563
233
451
48
198
774
877
130
195
552
532
783
48
156
175
720
45
311
757
943
541
169
510
725
412
259
630
800
142
636
23
723
48
695
322
447
333
216
609
456
751
950
892
418
952
59
774
418
923
269
651
897
100
889
56
915
953
982
863
278
52
396
286
46
526
992
19
581
809
95
182
312
273
7
955
156
633
837
450
927
942
177
869
484
914
127
965
254
183
270
794
253
653
283
349
263
818
584
579
957
789
765
744
414
991
944
805
330
519
433
505
68
681
798
639
138
178
782
913
225
306
297
217
162
262
588
248
281
993
883
221
76
198
182
227
344
157
14
887
654
327
273
149
333
808
752
310
634
73
914
160
802
718
2
370
328
594
964
626
577
749
29
334
892
704
159
715
888
141
243
541
286
925
281
795
702
615
483
622
469
450
937
262
539
440
117
449
435
911
510
121
323
612
154
329
947
798
596
836
67
765
901
969
53
757
742
719
666
515
980
1
545
122
876
903
929
546
158
121
31
54
575
808
579
657
310
50
37
869
992
721
437
239
598
282
40
594
716
909
622
502
901
846
288
997
946
134
872
386
465
446
185
790
186
266
117
880
773
518
252
792
767
456
74
513
60
737
178
553
774
105
414
118
515
62
417
814
828
89
923
795
26
549
339
721
548
284
124
438
251
184
806
981
326
35
245
710
473
308
359
621
656
911
710
22
506
431
277
138
513
746
496
41
109
401
860
988
184
843
669
245
284
509
926
302
521
464
355
730
323
22
91
916
583
986
361
178
902
860
50
781
659
174
353
712
342
895
533
435
131
777
452
563
548
936
593
47
971
121
632
649
580
452
27
151
319
184
413
542
211
586
531
594
102
362
299
500
233
842
764
777
720
795
133
290
240
541
233
125
